time_o,mag,oflux,nflux,enflux,lc_part,time
1624.9684435401675,12.235891445767013,0.9979129823009584,0.9989894857514057,0.0007131566854374902,0.0,0.0
1624.989277023142,12.2357222016262,0.9980685487162327,0.9992134834631689,0.0007292824629717903,0.0,0.020833482974467188
1625.0101105082686,12.23739705198066,0.9965301208680738,0.9977406285073912,0.0007493677630067379,0.0,0.041666968101026214
1625.03094399555,12.234876459181347,0.9988463046561452,1.000126327072144,0.000771308145949172,0.0,0.06250045538240556
1625.051777484869,12.232701126279506,1.0008495549497474,1.002198166005519,0.0007945151620039095,0.0,0.08333394470150779
1625.072610976224,12.230057598315527,1.0032893716638387,1.0047066555831048,0.0008162069952428393,0.0,0.1041674360565139
1625.5517816737383,12.231396598450715,1.0020528129563897,1.0047588355530497,0.0014445858687135323,0.0,0.5833381335708054
1625.572615193849,12.235245775214176,0.9985066022305524,1.0012502361974063,0.0014504989269329192,0.0,0.6041716536815329
1625.5934487145414,12.23184923157826,1.0016351537064434,1.0044340263401033,0.0014449372182779024,0.0,0.6250051743738823
1625.6142822358156,12.238514683800679,0.9955048435233346,0.9983322572956792,0.0014501048741945427,0.0,0.6458386956480808
1625.6351157576141,12.239415420911055,0.9946793056951722,0.997549330158802,0.001449131649283643,0.0,0.6666722174466031
1626.30178861476,12.239006627609948,0.9950538854440797,0.9990302785994499,0.001135265534457189,0.0,1.3333450745924438
1626.364289203088,12.241105070851862,0.9931325646375948,0.9971741489707129,0.001096670732644287,0.0,1.3958456629204647
1626.4059562622265,12.240215044031093,0.9939470138625012,0.9980378634883489,0.0010764316149760498,0.0,1.4375127220589548
1626.572624500523,12.239682648284415,0.99443451987247,0.9986906532869284,0.0010230112566864545,0.0,1.6041809603555066
1626.614291560359,12.240461231207393,0.9937216651381687,0.9980105210216407,0.0010136746080121359,0.0,1.645848020191579
1626.6976256802059,12.240070699025477,0.9940791645857664,0.9984353607738913,0.0009925341115643634,0.0,1.729182140038347
1627.7601356880105,12.241125425407878,0.9931139463186667,0.9977251282808726,0.000820498110570316,0.0,2.791692147842923
1627.8226362744172,12.241094191783484,0.993142515868072,0.9977410970887167,0.0008220958826579812,0.0,2.8541927342496365
1627.9268039176925,12.239475594848681,0.9946241798628986,0.9992027604519313,0.0008197818742139589,0.0,2.9583603775249685
1628.072638616902,12.240311160455079,0.9938590271087785,0.9983853852581999,0.0008082827411391211,0.0,3.1041950767344133
1628.2601403704184,12.240468020420295,0.9937154513204604,0.9981609981781859,0.000780730618024813,0.0,3.291696830250885
1628.3226409543227,12.240930147079455,0.9932925818581491,0.9977054739723444,0.0007708697913158683,0.0,3.3541974141551236
1628.426808593406,12.239475894563988,0.9946239052989236,0.9989872319190426,0.000752335883142054,0.0,3.458365053238367
1628.4476421210825,12.240879200231602,0.9933391919952442,0.9976851947580687,0.0007507398075324255,0.0,3.4791985809149537
1628.4893091764366,12.239537351786577,0.9945676070079689,0.9988950084933076,0.0007464404429433101,0.0,3.5208656362690363
1628.572643286679,12.239593392982307,0.9945162728816295,0.9987932707863693,0.0007429849611806132,0.0,3.60419974651154
1628.7393115054745,12.238927552160026,0.9951263590327362,0.999297229882482,0.0007423337492409278,0.0,3.770867965306934
1628.7601450326274,12.238750989786848,0.9952881995957419,0.9994454253117017,0.0007421299956384969,0.0,3.791701492459879
1628.801812086934,12.240912705364705,0.993308538648533,0.9974284478749177,0.0007436226975434255,0.0,3.833368546766451
1628.843479141065,12.238633935621515,0.9953955082673223,0.9994943683765702,0.0007438944920136463,0.0,3.8750356008974904
1628.864312668102,12.237251581241747,0.9966636484085156,1.000752644405003,0.0007437193740493248,0.0,3.895869127934475
1628.9268132489792,12.238852003977216,0.9951956047698012,0.9992325667189575,0.0007441731870057679,0.0,3.958369708811688
1628.947646775841,12.236558898249527,0.9972997073566967,1.001329552572997,0.0007427032816669221,0.0,3.979203235673367
1628.9684803027026,12.239655628670938,0.9944592676616407,0.9984619164622536,0.0007434175455872165,0.0,4.000036762535046
1628.9893138295065,12.241001652150358,0.9932271671492956,0.9972090161538611,0.000743341517768746,0.0,4.020870289338973
1629.0101473563109,12.238439712976426,0.9955735861839893,0.9995488485217312,0.0007406358915286766,0.0,4.041703816143354
1629.030980883056,12.238502550804458,0.9955159682550503,0.9994748814048325,0.0007395430551736126,0.0,4.06253734288839
1629.0518144097425,12.23624437485813,0.9975886537166156,1.0015395411254866,0.0007378382367013302,0.0,4.083370869574992
1629.072647936431,12.240785139781767,0.9934252515538812,0.9973433196564185,0.0007383311143483299,0.0,4.1042043962634125
1629.0934814631191,12.237306611685987,0.9966131338791479,1.0005272879328468,0.0007362399414411775,0.0,4.125037922951606
1629.1143149896895,12.237459215391688,0.9964730665505775,1.0003700628421717,0.0007351307734730045,0.0,4.145871449522019
1629.1351485163182,12.238747862943875,0.9952910659590276,0.9991667551381802,0.0007345643096168707,0.0,4.1667049761506405
1629.155982042831,12.236993379015566,0.9969006962048089,1.000765822580662,0.0007327971881907625,0.0,4.187538502663529
1629.1768155693435,12.236762002993922,0.9971131635565507,1.0009621863509066,0.0007319854123350098,0.0,4.208372029175962
1629.1976490958564,12.2387062881234,0.9953291781997868,0.9991542947203036,0.0007322635112113119,0.0,4.22920555568885
1629.218482622311,12.23664190288265,0.9972234666163101,1.0010387178238986,0.0007307410982779061,0.0,4.25003908214353
1629.2393161487075,12.238024925831448,0.9959540008870816,0.9997471752995523,0.0007307521479365572,0.0,4.270872608540003
1629.260149675104,12.238368413528686,0.9956389668697806,0.9994136266043424,0.0007305531855166328,0.0,4.291706134936476
1629.2809832014418,12.238808731905312,0.9952352691318743,0.9989910052279174,0.0007304101087940606,0.0,4.312539661274286
1629.30181672778,12.240171828635999,0.9939865765735638,0.9977201290121572,0.0007301899927793588,0.0,4.333373187612551
1629.3226502540595,12.240876391214956,0.9933417619656681,0.9970553471419245,0.0007304655099928264,0.0,4.3542067138919265
1629.343483780281,12.237542250048538,0.9963968614513045,1.0001041759667288,0.000727525028930398,0.0,4.375040240113549
1629.364317306503,12.239609121886529,0.9945018655717974,0.998184396883614,0.0007273766633223756,0.0,4.395873766335399
1629.3851508327257,12.237195213708064,0.9967153929573929,1.0003882559166328,0.0007252191667961871,0.0,4.416707292558158
1629.4059843588307,12.237077446958352,0.9968235097337027,1.0004788301834153,0.000723977717213916,0.0,4.4375408186631375
1629.4268178849934,12.238712678515986,0.9953233199393223,0.9989551437975175,0.0007237129611261281,0.0,4.45837434482587
1629.4476514110406,12.237838095575142,0.9961253964350212,0.9997420704041897,0.0007224773375201623,0.0,4.479207870873097
1629.468484937146,12.236968161303658,0.9969238508591347,1.0005252436209195,0.0007214767106418218,0.0,4.500041396978531
1629.489318463135,12.238841404266175,0.9952053206080372,0.998782289765793,0.0007214980097012784,0.0,4.5208749229675504
1629.510151989124,12.240909843615775,0.993311156783014,0.9968630633233337,0.0007219606193383793,0.0,4.5417084489565696
1629.5309855151131,12.239188285162266,0.9948874141302799,0.9984266107275115,0.0007210014197163408,0.0,4.562541974945589
1629.5518190409844,12.237469762681721,0.9964633864465641,0.9999897548179155,0.0007201553224579979,0.0,4.583375500816828
1629.572652566915,12.237861433453814,0.9961039849690569,0.9996105906958243,0.0007203428857375341,0.0,4.604209026747412
1629.5934860927887,12.235601376667283,0.9981796238568293,1.0016749292529115,0.0007197131453790371,0.0,4.625042552621153
1629.6143196186026,12.23994103885412,0.9941978860310183,0.9976606752986398,0.0007219635272359402,0.0,4.645876078435094
1629.6351531443574,12.235893411012867,0.9979111760218943,1.0013681967439196,0.0007208648533216911,0.0,4.6667096041899185
1629.655986670114,12.235563713956843,0.9982142499492698,1.0016535500355783,0.0007204598254857877,0.0,4.687543129946562
1629.676820195871,12.237581637022739,0.9963607160731993,0.9997748500440606,0.0007215892919066727,0.0,4.708376655703432
1629.6976537215685,12.235481302808918,0.998290020752523,1.0016919015016916,0.000720662561915475,0.0,4.729210181400958
1629.7184872472076,12.236317599266956,0.9975213764388549,1.0009017253200192,0.0007210341156153177,0.0,4.750043707040049
1629.7393207728473,12.235802348751925,0.9979948757810098,1.0013578709880466,0.0007212623006382883,0.0,4.7708772326798226
1629.7601542984867,12.23588590621993,0.9979180737771649,1.0012618092031322,0.000721096398078209,0.0,4.791710758319141
1629.7809878240091,12.236194344177537,0.997634623620744,1.000958365790996,0.000721461443377689,0.0,4.812544283841589
1629.8018213495911,12.234341641649877,0.9993384427131224,1.0026487485966205,0.0007209076288736572,0.0,4.8333778094236095
1629.8226548750572,12.235758572845826,0.998035114846927,1.001321982663143,0.0007222730547478771,0.0,4.854211334889669
1629.8434884005214,12.235099570975871,0.9986410692642446,1.0019107635716544,0.0007221227200118482,0.0,4.87504486035391
1629.8643219259857,12.235541407373256,0.9982347585942303,1.001483920819932,0.0007229159384267774,0.0,4.8958783858181505
1629.8851554513926,12.236051610787332,0.9977657835946305,1.00099419741622,0.0007234829006893464,0.0,4.916711911225093
1629.9059889767996,12.235240616891382,0.9985113461375706,1.0017229030817842,0.0007229497459895387,0.0,4.9375454366320355
1629.92682250209,12.235377153514527,0.9983857863608567,1.0015776396863472,0.0007234051416359229,0.0,4.958378961922563
1629.9476560274388,12.23650986060104,0.9973447517576285,1.0005139867558193,0.0007234846335536599,0.0,4.9792124872712975
1629.968489552729,12.23504808430594,0.9986884269207567,1.001842575126243,0.0007225969868138238,0.0,5.00004601256137
1629.9893230779605,12.234718897979239,0.9989912669810038,1.0021269912449295,0.0007219013189336826,0.0,5.020879537793007
1630.0101566031922,12.235729002745336,0.998062296772329,1.0011757172837112,0.0007217161034434725,0.0,5.041713063024645
1630.030990128367,12.235351138911224,0.9984097083054502,1.0015048037709176,0.0007208363743799597,0.0,5.062546588199439
1630.0518236534826,12.234851349067124,0.998869405511327,1.0019464941057947,0.0007197063708487012,0.0,5.0833801133151155
1630.072657178598,12.236331478971417,0.9975086245260586,1.0005620977246812,0.0007195474594486648,0.0,5.104213638430565
1630.093490703714,12.236585080124271,0.9972756583647948,1.0003089778815974,0.0007189572612976518,0.0,5.125047163546469
1630.1143242287715,12.235105062509406,0.9986360182610371,1.001654012888282,0.0007175273207509468,0.0,5.145880688603938
1630.1351577537705,12.234650500566271,0.9990542017622188,1.002053975250567,0.0007166166905397793,0.0,5.1667142136029724
1630.15599127877,12.234620800462338,0.9990815310705145,1.002061875695949,0.0007159586412396462,0.0,5.187547738602461
1630.1768248037702,12.236398268776114,0.9974472639885988,1.0004032626845378,0.0007163207000694452,0.0,5.208381263602632
1630.1976583286519,12.237066206381158,0.9968338298552615,0.9997685525592769,0.0007161574638720179,0.0,5.229214788484342
1630.2184918535925,12.23426013450481,0.999413466720355,1.002336253884,0.0007147060929457534,0.0,5.250048313424941
1630.2393253784176,12.233571621597179,1.0000474395906227,1.0029525578129876,0.0007147333771015952,0.0,5.270881838250034
1630.260158903242,12.235532210715194,0.9982432141127817,1.001123596599356,0.0007150746165577863,0.0,5.291715363074445
1630.2809924280668,12.236096373380033,0.9977246486831052,1.000584043787566,0.0007148783350979151,0.0,5.312548887899311
1630.3018259528335,12.235325600116047,0.9984331932742848,1.0012751223208023,0.0007140526036460597,0.0,5.333382412665969
1630.3226594776006,12.236164529746663,0.9976620191490327,1.0004822909526006,0.0007137087438898335,0.0,5.354215937433082
1630.3434930022495,12.234867846226626,0.9988542283599692,1.0016583819742857,0.0007123314253920452,0.0,5.375049462081961
1630.3643265269575,12.23495419438132,0.9987747930519655,1.0015592487717462,0.0007114181187728972,0.0,5.395882986789957
1630.3851600516075,12.237072430393862,0.9968281154942498,0.9995877154188686,0.0007114001417682527,0.0,5.416716511439972
1630.4059935761995,12.235197024863938,0.9985514369143411,1.001296353589518,0.0007096862754760754,0.0,5.4375500360320075
1630.4268271007918,12.2332502747789,1.0003434687946844,1.003073834609498,0.0007081804756874968,0.0,5.45838356062427
1630.4476606253256,12.234927621254181,0.9987992381190388,1.0015059691014145,0.0007080992491165951,0.0,5.479217085158098
1630.468494149859,12.234785995285165,0.9989295323246217,1.0016172208462113,0.0007074591144115318,0.0,5.5000506096914705
1630.4893276743346,12.235879774677095,0.9979237093953452,1.0005893089300133,0.0007074085696001849,0.0,5.5208841341670905
1630.5101611987511,12.234703962033732,0.9990050097130686,1.0016541207460634,0.0007068062118815047,0.0,5.541717658583593
1630.530994723168,12.23527054894274,0.9984838191187685,1.001112208305685,0.0007070628274444401,0.0,5.562551183000551
1630.551828247586,12.233971010576795,0.9996796389476562,1.0022918474863545,0.0007062773785508998,0.0,5.583384707418418
1630.5726617719456,12.23670495909645,0.9971655526313976,0.9997519238016664,0.0007079166234691034,0.0,5.604218231778077
1630.5934952962455,12.236569943116233,0.9972895621793864,0.9998570152712924,0.000708086774668981,0.0,5.625051756077937
1630.6143288205465,12.235310356818006,0.9984472109716871,1.0009984054647942,0.0007082406168469793,0.0,5.645885280378934
1630.6351623447886,12.23500063061952,0.9987320770108107,1.0012647856635506,0.0007080758156073109,0.0,5.666718804621041
1630.6559958690304,12.235262715003651,0.9984910235295686,1.0010039424516477,0.0007090442452848218,0.0,5.687552328862921
1630.676829393215,12.235025809426087,0.9987089161453218,1.0012032314665777,0.000708727305605502,0.0,5.708385853047503
1630.6976629173414,12.234829731881733,0.9988892933625239,1.001364945617882,0.0007087207758981465,0.0,5.729219377173877
1630.7184964414673,12.235172189596753,0.9985742781673635,1.001030080262436,0.0007089265195658302,0.0,5.750052901299796
1630.7393299655942,12.23590538698552,0.9979001688444687,1.000335279684839,0.0007093664502916052,0.0,5.7708864254266246
1630.7601634896619,12.235287262793689,0.9984684485515869,1.000885954928229,0.0007088718417819998,0.0,5.791719949494336
1630.7809970136714,12.234088627963956,0.9995713499008659,1.001972541373782,0.000708962682897931,0.0,5.81255347350384
1630.8018305376804,12.234847439060232,0.9988730026956855,1.001253601385254,0.0007086999018151954,0.0,5.833386997512889
1630.8226640616326,12.233149263973697,1.0004365394681294,1.0028019503762582,0.0007080984532999321,0.0,5.854220521465095
1630.843497585584,12.234225293434301,0.9994455382250251,1.0017897562332776,0.0007088736045645363,0.0,5.875054045416391
1630.8643311094775,12.234153946844238,0.999511216585691,1.0018367981699017,0.0007091626308958787,0.0,5.895887569309934
1630.8851646333128,12.234062674076482,0.9995952443535884,1.0019022562850817,0.0007093102778982067,0.0,5.91672109314527
1630.9059981571481,12.236195983371386,0.997633117439687,0.9999169255315097,0.0007103208360113041,0.0,5.937554616980606
1630.9268316809826,12.233874975135857,0.999768066431724,1.0020380959198423,0.0007095373581204861,0.0,5.958388140815032
1630.947665204701,12.23331006649769,1.0002883811884944,1.0025409694807599,0.0007094545293923459,0.0,5.9792216645334975
1630.9684987284782,12.23503861743285,0.9986971348350483,1.0009275960353616,0.0007105718368662611,0.0,6.0000551883106255
1630.9893322521384,12.233881618881686,0.9997619487536261,1.0019762888881072,0.0007091108736453825,0.0,6.020888711970883
1631.0101657758564,12.235734409361953,0.9980573267559121,1.0002494617559585,0.0007094591145697748,0.0,6.041722235688894
1631.030999299459,12.234545578978537,0.9991507513822939,1.0013269061391534,0.0007085412315676499,0.0,6.062555759291399
1631.0518328230623,12.23432329725555,0.9993553274897822,1.0015135952283318,0.0007077650751115006,0.0,6.083389282894814
1631.072666346664,12.233720543915938,0.9999102799660079,1.0020514564914382,0.000706917817276504,0.0,6.104222806496409
1631.0934998702073,12.233797499712187,0.9998394099291855,1.0019622180078158,0.0007065050776112835,0.0,6.125056330039797
1631.1143333936934,12.234946762426148,0.9987816297723962,1.0008840513186796,0.0007064800159565437,0.0,6.145889853525887
1631.1351669171795,12.23429549164416,0.9993809212220157,1.0014665094123132,0.0007058760237992009,0.0,6.1667233770119765
1631.1560004406065,12.233106400243116,1.0004760364367233,1.0025458745638611,0.000704760903638857,0.0,6.187556900438949
1631.1768339639755,12.233305142554002,1.0002929176263586,1.0023443865785147,0.0007047055810612231,0.0,6.208390423807941
1631.1976674873454,12.233112517355682,1.0004703997016973,1.0025043108730463,0.0007044768893699752,0.0,6.229223947177843
1631.218501010715,12.234082157492951,0.9995773068880988,1.001591575820867,0.0007047604133398889,0.0,6.250057470547517
1631.281001580533,12.238875348210014,0.9951742074653528,0.9971267464777301,0.0007061704192349537,0.0,6.312558040365502
1631.3018351037276,12.238147015334695,0.9958420135624205,0.9977783809184688,0.0007055103260043098,0.0,6.333391563560099
1631.34350215,12.23715128475781,0.9967557209362349,0.9986590684706919,0.0007045009726731327,0.0,6.375058609832422
1631.3643356730777,12.234775730384676,0.9989389765714577,1.000829164147257,0.0007035695374092766,0.0,6.395892132910149
1631.3851691961559,12.236839037852441,0.9970424191655815,0.9989117897132114,0.0007028838535031981,0.0,6.41672565598833
1631.426836242198,12.238076082513535,0.9959070755826719,0.9977401698384518,0.0007029962630204021,0.0,6.458392702030551
1631.4476697651594,12.235353132520263,0.9984078750454175,1.0002285573274017,0.0007010503831829883,0.0,6.479226224991862
1631.4685032880625,12.237440690786643,0.9964900683115857,0.9982903684218292,0.00070161918065288,0.0,6.500059747894966
1631.4893368109665,12.235888596373327,0.997915601215822,0.9997016428999054,0.0007006606540775761,0.0,6.520893270798979
1631.5101703338114,12.238334868114691,0.9956697290725611,0.9974350264795665,0.0007015397119755951,0.0,6.541726793643875
1631.5310038566565,12.2368333462794,0.9970476458077459,0.9987987358764071,0.0007009401868294832,0.0,6.562560316488998
1631.5518373794444,12.234557656628883,0.9991396369640319,1.000877787381461,0.0007000192158829149,0.0,6.583393839276823
1631.5726709021735,12.237938896594937,0.996032919280445,0.9977491854632212,0.0007016251573039966,0.0,6.604227362005986
1631.5935044249027,12.236611411469092,0.997251472664157,0.9989534324737237,0.0007011175239870621,0.0,6.625060884735149
1631.6143379475725,12.236370144757114,0.997473101378015,0.9991591122843201,0.0007014578179509897,0.0,6.645894407404967
1631.6351714702446,12.237616285256607,0.9963289205153806,0.9979967752019214,0.0007018348644049128,0.0,6.666727930077059
1631.6560049928576,12.235520220555522,0.9982542381180294,0.9999091597446693,0.0007011834481941457,0.0,6.6875614526900335
1631.6768385154114,12.239832611507884,0.994297176835518,0.9959295360932797,0.0007033333762437249,0.0,6.708394975243891
1631.6976720379662,12.23727966366496,0.9966378701685572,0.9982581035193558,0.0007023640809136279,0.0,6.729228497798658
1631.7185055604625,12.234407465623592,0.999277858537029,1.0008864740876373,0.0007013244643879344,0.0,6.75006202029499
1631.7393390829006,12.239943441540667,0.9941956859171844,0.9957803812595563,0.0007034539998048504,0.0,6.770895542733115
1631.760172605338,12.238655023361733,0.9953761753594252,0.9969470918252715,0.0007028324281008581,0.0,6.791729065170557
1631.781006127718,12.235522337557015,0.9982522916934339,0.9998121390050307,0.0007017292864426906,0.0,6.812562587550474
1631.8018396500975,12.239199188101901,0.9948774235424097,0.996416524120385,0.0007032031766274173,0.0,6.833396109929936
1631.8226731724185,12.237831817080485,0.9961311567532597,0.9976568014107311,0.0007028225929166221,0.0,6.854229632250963
1631.8435066946822,12.233893365241986,0.9997511325899127,1.0012669602015805,0.0007010169928456411,0.0,6.875063154514692
1631.864340216946,12.237672867546793,0.9962769989685786,0.9977723595939427,0.0007028239529989174,0.0,6.89589667677842
1631.885173739151,12.237744497258872,0.9962112733528221,0.9976914303607527,0.0007028291968145261,0.0,6.916730198983487
1631.9060072612983,12.237561754870361,0.9963789617362573,0.997844353909666,0.0007028699368547858,0.0,6.9375637211308
1631.926840783446,12.240565029528788,0.993626668112207,0.9950731480363125,0.0007038324824977019,0.0,6.958397243278569
1631.9476743227635,12.23937861439068,0.9947130259529364,0.996146288899851,0.0007033749051995032,0.0,6.979230782596005
1631.9685078447942,12.237189236662148,0.9967208799532589,0.9981423235306304,0.0007025439264613292,0.0,7.000064304626676
1631.9893413668246,12.240324278544456,0.993847019171005,0.9952497912167241,0.0007034749838167469,0.0,7.020897826657119
1632.0310084107696,12.235629710202844,0.9981535755508749,0.9995334532770456,0.0007011004121409562,0.0,7.062564870602046
1632.0518419326831,12.234029043828212,0.9996262068993028,1.0009937701069793,0.0007002266187583657,0.0,7.083398392515619
1632.072675454539,12.238884936086631,0.9951654193588668,0.9965126906455697,0.0007017646267068511,0.0,7.104231914371439
1632.0935089763943,12.237514353213967,0.9964224631355709,0.9977573523024993,0.0007006867119382908,0.0,7.125065436226805
1632.114342498192,12.238105264422881,0.9958803084183198,0.9972004735200443,0.0007005950925037952,0.0,7.145898958024418
1632.1351760199318,12.236107465007379,0.9977144562133098,0.9990231339156583,0.0006997662087016767,0.0,7.166732479764278
1632.1768430633529,12.236026394689949,0.9977889568582854,0.9990702478058965,0.0006995529289008973,0.0,7.208399523185335
1632.1976765849765,12.236876897030484,0.997007653309757,0.9982743571330748,0.0006996586346897758,0.0,7.229233044809007
1632.2185101065415,12.235027486302513,0.9987073736802741,0.9999627348267005,0.0006987604559107899,0.0,7.2500665663740165
1632.2393436281063,12.235211129378593,0.9985384650784283,0.9997802374364861,0.0006986868376365389,0.0,7.270900087938799
1632.2810106711195,12.236152255963095,0.9976732973553378,0.9988875743377449,0.0006988057038265106,0.0,7.3125671309519475
1632.3018441925678,12.237475374093284,0.9964582364371098,0.9976580107460336,0.0006989040830317871,0.0,7.333400652400314
1632.3226777139585,12.231751492661646,1.0017253258319851,1.0029184506053703,0.0006963973806746913,0.0,7.354234173790928
1632.3435112353482,12.234894946708657,0.9988292968037427,1.0000061344040507,0.0006974648828121218,0.0,7.375067695180633
1632.364344756622,12.235289505400873,0.9984663861996156,0.9996300827100957,0.0006972746554192828,0.0,7.3959012164543765
1632.3851782778956,12.235423750786309,0.9983429388852625,0.9994938768327962,0.0006970075908614951,0.0,7.41673473772812
1632.406011799169,12.234192481258157,0.999475743056037,1.0006154888870875,0.0006962223061207037,0.0,7.437568259001409
1632.4268453203272,12.2358909868439,0.9979134041027079,0.9990389795325607,0.0006965383427053973,0.0,7.458401780159647
1632.4476788414845,12.235040602968564,0.9986953084733514,0.9998094869578342,0.0006956544530837628,0.0,7.479235301316976
1632.4685123626414,12.234801836242397,0.998914957988337,1.000017230775695,0.0006955665232941067,0.0,7.50006882247385
1632.4893458836818,12.236155777746927,0.9976700612248913,0.9987589143915039,0.0006960060789513154,0.0,7.520902343514308
1632.5101794047237,12.237263804586007,0.9966524279165969,0.9977282710552674,0.0006962950048129602,0.0,7.541735864556131
1632.531012925706,12.233250157085996,1.000343577231093,1.00141156620046,0.0006948998577007111,0.0,7.5625693855383815
1632.55184644663,12.235271406254993,0.9984830307025114,0.9995373288290574,0.0006951711289488415,0.0,7.583402906462425
1632.572679967556,12.236612747941628,0.9972502451114812,0.9982916746352565,0.0006957542848447797,0.0,7.604236427388514
1632.593513488423,12.233890750735478,0.9997535400430125,1.0007861075155355,0.0006947757173178766,0.0,7.6250699482554865
1632.6143470092306,12.233885721229338,0.9997581712583955,1.0007793757073244,0.0006948391722712107,0.0,7.645903469063114
1632.6351805300385,12.235211074851158,0.9985385152266506,0.9995472282690007,0.0006953535717987693,0.0,7.666736989870969
1632.6560140507308,12.234794332594852,0.9989218616281366,0.9999198390479253,0.0006953314690053493,0.0,7.687570510563319
1632.6768475714225,12.233502897228961,1.0001107420791662,1.0010988908482163,0.0006947272507649008,0.0,7.708404031254986
1632.697681092055,12.234085705341334,0.9995740405855448,1.0005507570179661,0.0006952047503309103,0.0,7.729237551887536
1632.718514612689,12.235047127120945,0.9986893073648229,0.9996544013216156,0.0006957737640330839,0.0,7.75007107252145
1632.7393481332651,12.233961941545585,0.9996879891930197,1.000643376748991,0.0006949826480617873,0.0,7.770904593097612
1632.7601816537235,12.235159078697837,0.9985863366079043,0.9995301460040736,0.0006954123039132897,0.0,7.7917381135559936
1632.78101517424,12.23336053522391,1.0002418854495376,1.0011768439537494,0.0006945529895532735,0.0,7.812571634072583
1632.8018486946412,12.233195149774081,1.000394259528385,1.0013190368064242,0.0006944838527247734,0.0,7.833405154473667
1632.8226822150418,12.236182199134022,0.9976457832225225,0.998557843840276,0.0006958171224491762,0.0,7.854238674874296
1632.8435157353265,12.23540758986902,0.9983577990858046,0.9992604617815088,0.0006955231619267665,0.0,7.875072195158964
1632.864349255668,12.23577227427056,0.9980225202436839,0.9989149537049047,0.0006953784305869861,0.0,7.895905715500476
1632.8851827758945,12.234091931700736,0.9995683083557892,1.0004522947021057,0.0006946969610122571,0.0,7.916739235726936
1632.9060162960625,12.234702956232766,0.9990059351686857,0.9998797235592605,0.0006948695759364141,0.0,7.937572755894962
1632.92684981623,12.233680372336075,0.999947276723228,1.0008122908487256,0.0006944845022410017,0.0,7.958406276062533
1632.9476833363397,12.235850725872838,0.9979504091389519,0.9988042516524096,0.0006950789367971689,0.0,7.9792397961721235
1632.9685168563915,12.232731260520875,1.000821777094135,1.0016687134475148,0.000694102581059713,0.0,8.000073316223961
1632.9893503763847,12.235348218383287,0.9984123939369646,0.9992480778657244,0.0006947940995886564,0.0,8.020906836217137
1633.010183896377,12.234687937603734,0.9990197541822238,0.9998468393725766,0.0006940514508258253,0.0,8.041740356209402
1633.0310174162546,12.235001468978279,0.9987313058331937,0.9995491820665188,0.0006944130705691125,0.0,8.062573876087072
1633.0518509361304,12.233357554341653,1.0002446316114217,1.001054868050593,0.0006936178235443766,0.0,8.083407395962922
1633.072684455949,12.233547901660248,1.0000692877349573,1.0008706241819174,0.0006930738817329214,0.0,8.104240915781475
1633.0935179757098,12.23498967211429,0.9987421574206514,0.9995338109828084,0.0006935351617229061,0.0,8.125074435542274
1633.1143514954706,12.234228223983527,0.9994428405896493,1.000226565873888,0.0006928885830943529,0.0,8.145907955303073
1633.1351850151145,12.234954747191734,0.9987742845187109,0.9995491083059707,0.0006932172519115653,0.0,8.166741474947003
1633.156018534758,12.233350121195555,1.0002514794902153,1.0010191717164039,0.0006922191930999073,0.0,8.187574994590477
1633.1768520543442,12.235256782111883,0.9984964796940917,0.999254688749433,0.0006930096136712925,0.0,8.208408514176654
1633.1976855738715,12.234206024905644,0.9994632755131391,1.0002141978037384,0.0006926678885722995,0.0,8.22924203370394
1633.21851909334,12.234164762263536,0.999501260134935,1.0002443129422987,0.0006925280319123443,0.0,8.250075553172564
1633.239352612752,12.235483790291697,0.9982877336164945,0.9990221151317016,0.0006929360935619885,0.0,8.270909072584573
1633.260186132105,12.234655369354186,0.9990497216941361,0.9997770043642623,0.0006925855687386995,0.0,8.291742591937464
1633.2810196514574,12.233286178430845,1.0003103894981336,1.0010310478415172,0.0006918323598074536,0.0,8.3125761112899
1633.301853170694,12.234513629537506,0.9991801533471153,0.999892579557529,0.0006920572625919546,0.0,8.333409630526376
1633.3226866899304,12.232395476976409,1.0011313471847438,1.001837851883121,0.0006911961794187704,0.0,8.354243149762851
1633.3435202091086,12.233465876795687,1.0001448435156388,1.0008434771967167,0.0006915141735654254,0.0,8.37507666894112
1633.3643537282285,12.234861293064444,0.9988602571480674,0.9995509285936429,0.0006918955002036026,0.0,8.395910188060952
1633.3851872472906,12.233005366368285,1.0005691407040973,1.0012540512470107,0.000691029450346026,0.0,8.416743707123032
1633.4060207662947,12.234135435135062,0.9995282583114936,1.000205647912289,0.0006917899836619478,0.0,8.437577226127132
1633.4268542852396,12.233321280984258,1.0002780493393473,1.0009492455694795,0.0006908330324555414,0.0,8.458410745072115
1633.447687804185,12.233108107888015,1.000474462890176,1.0011391926748554,0.000690903747662824,0.0,8.479244264017552
1633.468521323014,12.233224437804077,1.0003672739845904,1.001025480635427,0.0006904878043999642,0.0,8.500077782846574
1633.4893548418436,12.233069454638013,1.0005100813744305,1.0011620337310683,0.0006904523001471446,0.0,8.520911301676051
1633.5101883605555,12.234070215545348,0.9995883012395983,1.0002334262040606,0.0006908278802641866,0.0,8.541744820387976
1633.5310218792683,12.234099299429609,0.9995615253791643,1.0002005221462138,0.0006907059576545479,0.0,8.56257833910081
1633.551855397865,12.233694274528126,0.9999344730882171,1.0005677294218625,0.0006905646552666325,0.0,8.583411857697456
1633.5726889164605,12.235139944015636,0.9986039355426122,0.9992304976186357,0.00069091570374299,0.0,8.604245376292965
1633.5935224349985,12.233468830211322,1.0001421229290117,1.0007638939990502,0.0006904596815879612,0.0,8.62507889483095
1633.614355953479,12.234236026349453,0.9994356583747509,1.0000513650012346,0.0006905697515946138,0.0,8.645912413311407
1633.6351894719005,12.234122082681388,0.9995405506498827,1.0001508005094013,0.0006905309034856047,0.0,8.666745931732976
1633.6560229902052,12.233663638627899,0.9999626883442025,1.0005678065422154,0.0006901741797745523,0.0,8.687579450037674
1633.6768565085104,12.233122131750095,1.0004615403909443,1.0010616729262578,0.0006905456894410234,0.0,8.708412968342827
1633.6976900267582,12.234282081410342,0.9993932649336216,0.9999876127371463,0.0006905042913851118,0.0,8.729246486590682
1633.7185235449465,12.233329115219803,1.0002708317615019,1.0008606463443632,0.0006901524406080521,0.0,8.750080004778965
1633.7393570630766,12.233045391606616,1.0005322557959757,1.0011172875537178,0.0006900473120959144,0.0,8.77091352290904
1633.7601905811493,12.234009237190396,0.9996444428342761,1.0002241608704678,0.0006904399129600293,0.0,8.791747040981818
1633.781024099163,12.234505611810135,0.9991875319199286,0.9997622783313334,0.0006904363699891225,0.0,8.812580558995478
1633.8018576171185,12.234059554700808,0.9995981162460006,1.000168520771897,0.000690476723456541,0.0,8.83341407695093
1633.822691135017,12.23474662086862,0.9989657593386405,0.9995313359429436,0.0006908093228376095,0.0,8.85424759484954
1633.8435246528566,12.233285698158511,1.0003108319826997,1.0008728089831909,0.0006897504249613957,0.0,8.875081112689031
1633.8643581705796,12.232377651584287,1.0011477836867635,1.001705989357739,0.0006894668242727263,0.0,8.895914630412108
1633.8851916883018,12.233933115775145,0.9997145307773408,1.0002678249283068,0.0006898314529789228,0.0,8.916748148134275
1633.9060252059676,12.235117792553417,0.9986243095182685,0.9991729892456803,0.000690297539030067,0.0,8.937581665800053
1633.9268587235156,12.23291272265845,1.0006545209204425,1.0012004163752573,0.0006892981023545312,0.0,8.958415183348052
1633.947692241064,12.23288912891792,1.0006762660179576,1.0012183668344474,0.0006892658117946045,0.0,8.979248700896505
1633.9685257585545,12.234583638894392,0.9991157272881838,0.9996533163071077,0.00069025209232339,0.0,9.000082218386979
1633.9893592759286,12.233183006245063,1.0004054486041514,1.0009401649328755,0.0006893174116465146,0.0,9.020915735761037
1634.010192793244,12.231566186527626,1.0018963081463377,1.0024283652312,0.0006886767773519237,0.0,9.041749253076432
1634.0310263105594,12.234095949837902,0.9995646091191599,1.000092095470117,0.0006895187018828274,0.0,9.062582770391828
1634.051859827759,12.233956703082097,0.9996928125024404,1.0002171305475387,0.0006893402119843437,0.0,9.08341628759149
1634.0726933448996,12.232492492844187,1.001041895173486,1.0015637924693457,0.0006886097430679642,0.0,9.104249804732035
1634.093526861982,12.23302265257334,1.0005532105862893,1.0010718457350614,0.000688716916902342,0.0,9.125083321814373
1634.114360379007,12.232875423658081,1.0006888976449968,1.001204677465203,0.0006886172281948745,0.0,9.145916838839412
1634.1351938959156,12.233446765342832,1.0001624485187428,1.0006751746177576,0.0006887631426833962,0.0,9.166750355748036
1634.1560274128235,12.232761787997626,1.0007936375387978,1.0013039926648077,0.0006885290899119051,0.0,9.187583872655978
1634.176860929615,12.233976552155163,0.9996745366134989,1.0001817376414368,0.0006888369431884679,0.0,9.208417389447504
1634.1976944464068,12.233330258440063,1.000269778532114,1.0007747898801216,0.0006889875265447149,0.0,9.229250906239258
1634.2185279630826,12.232434601194289,1.0010952723305777,1.0015983336465,0.0006884457877333743,0.0,9.250084422915052
1634.2393614796988,12.233375590969755,1.000228015337137,1.000728369351819,0.0006884785633425988,0.0,9.270917939531273
1634.2601949962,12.232899361009782,1.000666835584317,1.0011652411147365,0.0006883726911038969,0.0,9.291751456032443
1634.2810285127016,12.233375007586428,1.0002285527756982,1.0007246774038605,0.0006885747082051163,0.0,9.312584972534069
1634.3018620290854,12.233114877337472,1.0004682250580321,1.0009625211276174,0.0006884343111318051,0.0,9.333418488917914
1634.3226955454688,12.232212441440918,1.0013001340944852,1.0017929742742477,0.0006882073454268856,0.0,9.354252005301305
1634.3435290617376,12.23485921623991,0.9988621677958491,0.9993520424959775,0.0006889288856228887,0.0,9.3750855215701
1634.3851960940385,12.238192435074012,0.995800355249473,0.9962855497747316,0.0006902686890242137,0.0,9.416752553870992
1634.4060296100738,12.234180562221237,0.9994867151997481,0.9999722523390655,0.0006887941918136705,0.0,9.437586069906274
1634.426863126051,12.234276702264468,0.9993982163163346,0.999882346505986,0.0006890049872926816,0.0,9.458419585883576
1634.4476966419695,12.236777541238625,0.997098893720654,0.9975806607943873,0.0006898021329476863,0.0,9.479253101801987
1634.4685301578302,12.235691223666917,0.9980970257696887,0.9985781176327583,0.0006893760190800478,0.0,9.500086617662646
1634.4893636735742,12.233915463294272,0.9997307848038866,1.000211605437316,0.0006886549513271066,0.0,9.520920133406662
1634.5101971892595,12.234623802085366,0.999078769016553,0.9995583037241883,0.0006888829935294362,0.0,9.541753649092016
1634.5310307048871,12.234165547108212,0.9995005376270573,0.9999793989285042,0.0006886975424523673,0.0,9.562587164719616
1634.5518642203983,12.233920052046887,0.9997265595532785,1.0002047537516148,0.0006890170496050514,0.0,9.583420680230802
1634.5726977358522,12.237799718141984,0.9961606070241983,0.9966364083491885,0.0006903262041552811,0.0,9.604254195684689
1634.5935312512465,12.235956453202947,0.9978532349866933,0.9983292568771622,0.0006897905424293017,0.0,9.625087711079004
1634.6143647665244,12.236352249360108,0.9974895421342334,0.9979648883963544,0.0006895997942511259,0.0,9.645921226356904
1634.635198281745,12.23654230644212,0.9973149478276618,0.9977898129735567,0.0006898586859088373,0.0,9.666754741577506
1634.6560317969065,12.23528510689494,0.9984704311685496,0.9989455114084078,0.0006892506539389543,0.0,9.68758825673899
1634.6768653120098,12.233540090887587,1.0000764822467694,1.0005520954531408,0.0006886440921862004,0.0,9.708421771842268
1634.697698826998,12.235952161239487,0.9978571795526656,0.9983315921971855,0.0006895442907153852,0.0,9.729255286830494
1634.718532341869,12.234738810516673,0.9989729455245593,0.9994478402142216,0.0006889988414123862,0.0,9.750088801701395
1634.7393658567394,12.235766396265987,0.9980279233948289,0.9985023837230168,0.0006894504969375845,0.0,9.770922316571841
1634.760199371436,12.236159618051905,0.9976665324206482,0.998140939988583,0.0006894524010804772,0.0,9.791755831268574
1634.7810328861315,12.233371154488358,1.000232102427564,1.0007079313719058,0.0006884843061056302,0.0,9.812589345963943
1634.8018664007104,12.236165231215878,0.9976613745827344,0.9981362670331579,0.0006897463231783694,0.0,9.833422860542896
1634.822699915232,12.234088555346784,0.9995714167550863,1.000047579938741,0.0006890000666463883,0.0,9.854256375064551
1634.8435334296373,12.232931057544482,1.0006376229560867,1.0011147417919146,0.0006882241847991599,0.0,9.875089889469791
1634.8643669439848,12.235275853487382,0.9984789408720725,0.9989555479374799,0.0006892316072049271,0.0,9.895923403817278
1634.8852004582154,12.23521489476124,0.9985350021075204,0.9990122540150717,0.0006892774525170877,0.0,9.916756918047895
1634.9060339723874,12.23493496138849,0.9987924857460946,0.9992705385505671,0.0006899199711775444,0.0,9.93759043221985
1634.9268674864438,12.235569527304643,0.9982089052338117,0.9986874417658752,0.0006894426345789259,0.0,9.958423946276298
1634.9477010004416,12.23556522261657,0.9982128629046234,0.9986922388294386,0.0006894538654652025,0.0,9.979257460274084
1634.9685345143225,12.23718646409192,0.9967234252143949,0.9972029890074131,0.0006901268187206539,0.0,10.000090974155
1634.9893680281461,12.235204389432038,0.9985446637450532,0.9990260942477578,0.0006893041789992021,0.0,10.020924487978618
1635.0102015418533,12.236240438743835,0.9975922702765695,0.9980743054937643,0.0006896771131840585,0.0,10.041758001685821
1635.0310350555014,12.238907109604474,0.995145095736275,0.9956270765628773,0.0006905880912212228,0.0,10.062591515333907
1635.051868569033,12.24017536340909,0.9939833405100806,0.9944659669700033,0.0006912768772534367,0.0,10.083425028865577
1635.0935355958636,12.236148160073917,0.9976770610384069,0.998164092596399,0.0006894947649687968,0.0,10.125092055696086
1635.1143691091625,12.235977654104573,0.9978337503442624,0.998322264876049,0.0006895619792229286,0.0,10.145925568994926
1635.1352026222876,12.236983904784577,0.9969093952871803,0.997398936810792,0.0006899451700589576,0.0,10.166759082120052
1635.1560361354125,12.234763441610191,0.9989502830059538,0.999442361443238,0.0006892662368410459,0.0,10.18759259524495
1635.1768696483625,12.236529790218247,0.9973264448092063,0.9978193448340985,0.0006896033553939311,0.0,10.208426108194999
1635.1977031612541,12.235036639174115,0.9986989545064556,0.9991941826436643,0.000689137302909979,0.0,10.229259621086612
1635.218536674088,12.237627252866854,0.9963188561074328,0.9968146427615787,0.0006903448451789015,0.0,10.250093133920473
1635.2393701867463,12.233102290451184,1.0004798235040673,1.0009794752446572,0.0006885646305210718,0.0,10.2709266465788
1635.2602036993471,12.235714369621178,0.9980757483527973,0.9985760529471983,0.00068938945605551,0.0,10.291760159179603
1635.2810372118902,12.23562507617884,0.9981578357730915,0.9986600947074924,0.0006893945494093279,0.0,10.312593671722652
1635.3018707242586,12.234236007059812,0.9994356761311418,0.9999405570636449,0.0006886992070115359,0.0,10.333427184091079
1635.3227042365684,12.236061087580294,0.997757074685,0.9982631242637247,0.0006895827789744738,0.0,10.354260696400843
1635.3435377487604,12.23639050833789,0.997454393395819,0.9979623649869577,0.0006895387872791783,0.0,10.375094208592827
1635.364371260895,12.237761042175102,0.9961960927717465,0.9967055447633655,0.0006901605802109294,0.0,10.395927720727514
1635.3852047728556,12.2367883204092,0.9970889945889344,0.9976010858233351,0.0006899028128436823,0.0,10.416761232688032
1635.4060382847574,12.234758171669279,0.9989551317175629,0.9994704053365029,0.0006890007254220721,0.0,10.437594744589887
1635.4268717965435,12.235991040964537,0.9978214473757552,0.998338428373649,0.0006895359172819629,0.0,10.45842825637601
1635.4477053082135,12.23636554960194,0.997477322986692,0.9979964468160917,0.0006896839784535522,0.0,10.479261768045944
1635.4685388198245,12.23374447558361,0.999888240306012,1.0004110127298929,0.0006887324108094221,0.0,10.500095279656989
1635.489372331319,12.236414652526104,0.997432212631527,0.9979561075624475,0.0006896238989696792,0.0,10.520928791151391
1635.51020584264,12.234989193646705,0.9987425975513681,0.9992696650117113,0.0006892648376341027,0.0,10.541762302472534
1635.5310393539016,12.235422557834383,0.9983440358144992,0.9988733873896871,0.000689382198043588,0.0,10.562595813734106
1635.5518728650463,12.237740268924984,0.9962151530448407,0.9967459281222936,0.000690206203006536,0.0,10.583429324878807
1635.572706376075,12.233839451405643,0.9998007779429781,1.000336054738032,0.0006887852079185631,0.0,10.604262835907548
1635.5935398870465,12.23425236817342,0.9994206156059733,0.9999583164946223,0.0006888256154754189,0.0,10.62509634687899
1635.6143733978424,12.235873981981483,0.9979290336018027,0.9984686040997026,0.0006896244773150197,0.0,10.6459298576749
1635.635206908522,12.234581195327882,0.9991179759084902,0.9996608794571584,0.0006889775640947324,0.0,10.666763368354395
1635.6560404191446,12.232685065906555,1.0008643597761266,1.001410966919167,0.0006883998592698713,0.0,10.687596878977047
1635.6768739295915,12.232590928054329,1.0009511426479736,1.001500567011275,0.0006892064234617618,0.0,10.708430389423938
1635.6977074399801,12.232846105514593,1.0007159196202007,1.0012680213792637,0.0006885404196657781,0.0,10.729263899812622
1635.7185409501944,12.235918692465312,0.9978879398526429,0.9984413134848368,0.0006893935567031203,0.0,10.75009741002691
1635.7393744602925,12.233657553793279,0.9999682924905954,1.0005256876153292,0.0006888559467843377,0.0,10.77093092012501
1635.7602079703315,12.231889426233737,1.0015980732125638,1.0021592680093017,0.0006885103518854661,0.0,10.791764430163994
1635.7810414801957,12.231742996517537,1.0017331646016503,1.002297356595633,0.0006881015188237666,0.0,10.812597940028127
1635.8018749899445,12.234292551781227,0.9993836272632176,0.9999494255396807,0.000688937199009382,0.0,10.833431449776981
1635.8227084995765,12.233349991714501,1.0002515987766716,1.0008208467067812,0.000688574467147383,0.0,10.854264959408965
1635.8435420090918,12.234503248563211,0.9991897067847072,0.9997613204240621,0.0006889191808905139,0.0,10.875098468924307
1635.8643755184921,12.233540031722782,1.0000765367437379,1.000651663977769,0.0006885860956092512,0.0,10.895931978324597
1635.885209027775,12.231438963129651,1.0020137143085723,1.0025929751559282,0.0006880090913481191,0.0,10.916765487607563
1635.9060425369416,12.233585543197377,1.000034616796913,1.0006157695421234,0.0006886367128447144,0.0,10.937598996774113
1635.926876045933,12.23187518231612,1.0016112133970414,1.0021963306377766,0.0006880300128131407,0.0,10.958432505765586
1635.9477095548086,12.23269153393676,1.0008583973686838,1.0014461245764474,0.0006882195790608468,0.0,10.979266014641098
1635.9685430635664,12.232531683320248,1.0010057624552235,1.0015966600118518,0.0006882070972452662,0.0,11.00009952339883
1635.989376572209,12.23245183056825,1.0010793862360654,1.0016734150453144,0.0006882491211453837,0.0,11.020933032041512
1636.010210080677,12.233349901425072,1.0002516819572356,1.000848297413307,0.0006885604955185621,0.0,11.04176654050957
1636.0310435890292,12.231678153743752,1.001792992298634,1.0023936395429403,0.0006880349285329677,0.0,11.062600048861668
1636.0518770972644,12.23178105703943,1.001698049424851,1.002301736973981,0.0006880130575142957,0.0,11.083433557096896
1636.0727106053823,12.231773758382516,1.0017047831737438,1.0023115795232853,0.0006878469176662609,0.0,11.104267065214799
1636.093544113327,12.232166961784324,1.0013420777450976,1.0019517468136316,0.000688345998360478,0.0,11.125100573159443
1636.1143776211545,12.23441223752106,0.9992734666405608,0.999884980930254,0.000689016668732468,0.0,11.14593408098699
1636.1352111288065,12.231295040945604,1.0021465472749693,1.0027629259410802,0.0006876384141375998,0.0,11.166767588639004
1636.1560446363435,12.234600403853241,0.9991002999637014,0.9997178980296814,0.000689028699529449,0.0,11.187601096175968
1636.176878143764,12.233291660198384,1.0003053390492727,1.0009267601295897,0.0006883698461264102,0.0,11.208434603596515
1636.1977116510095,12.233598165464581,1.000022990924331,1.0006473250556498,0.0006887509741934205,0.0,11.229268110841986
1636.2185451580804,12.232591225291198,1.0009508686223463,1.00157886218477,0.0006887168982303342,0.0,11.250101617912833
1636.2393786650937,12.233093418687558,1.0004879986544681,1.001118758156105,0.0006885244717476483,0.0,11.270935124926154
1636.2602121718735,12.233233489522094,1.0003589340170247,1.0009926531910442,0.000688507890524122,0.0,11.291768631705963
1636.2810456785364,12.232803077866345,1.0007555787064588,1.0013925764859095,0.0006883671486264136,0.0,11.312602138368902
1636.3018791850836,12.231876898259173,1.0016096304099058,1.0022501980077316,0.0006879169515309001,0.0,11.333435644916108
1636.3227126914562,12.232925686606094,1.0006425729396011,1.0012855043065525,0.0006884570323582855,0.0,11.35426915128869
1636.3435461976535,12.232263883115003,1.0012526940858284,1.0018989978075632,0.0006881120963192491,0.0,11.375102657485968
1636.3643797037348,12.233208883852432,1.0003816050675842,1.0010303056133607,0.0006887797230114488,0.0,11.395936163567285
1636.3852132096422,12.234064509927002,0.999593554158596,1.000244659469594,0.0006888263965898729,0.0,11.416769669474661
1636.4060467153745,12.233278809257227,1.0003171788875982,1.0009716659904482,0.0006885262271854961,0.0,11.43760317520696
1636.4268802209895,12.232595477366267,1.000946948600265,1.0016047152375664,0.0006882244609000694,0.0,11.458436680821933
1636.4477137264305,12.232298420109675,1.001220844996869,1.0018816524441791,0.0006880631525602045,0.0,11.479270186262966
1636.468547231697,12.2324691851064,1.0010633849905748,1.00172690035641,0.0006884311813242658,0.0,11.500103691529375
1636.4893807368467,12.232010922847973,1.0014859981378919,1.0021525618318932,0.0006882069156632989,0.0,11.520937196679142
1636.510214241764,12.233063407706494,1.0005156536605604,1.0011843109413678,0.0006883067913057067,0.0,11.541770701596533
1636.5310477465655,12.233186571708067,1.0004021633653037,1.001073450340729,0.0006884668861065041,0.0,11.562604206397964
1636.5518812511914,12.233713252023726,0.9999169954669149,1.0005906238304796,0.0006888693035515523,0.0,11.583437711023862
1636.5727147556431,12.233676292188788,0.9999510344866848,1.000627300608834,0.0006885638994660364,0.0,11.604271215475592
1636.5935482599195,12.233636597702777,0.9999875933375035,1.0006664730085462,0.0006888123405448297,0.0,11.625104719752017
1636.6143817640218,12.233890914063174,0.9997533896497302,1.0004346426121815,0.0006889484852116274,0.0,11.645938223854273
1636.6352152680074,12.234529129444976,0.9991658892106617,0.9998492204703335,0.000688864716745346,0.0,11.666771727839887
1636.6560487717607,12.233413575303835,1.0001930231075864,1.0008794820516744,0.0006884291489189249,0.0,11.687605231593125
1636.6768822753395,12.232698635817222,1.0008518507016224,1.0015411587827616,0.0006882343193555398,0.0,11.708438735171967
1636.6977157787435,12.233864545540197,0.9997776702624901,1.0004685471566284,0.0006885576617555844,0.0,11.729272238575959
1636.7185492819726,12.233758567425657,0.9998752627745953,1.0005684861282573,0.0006887664984014993,0.0,11.7501057418051
1636.7393827850265,12.233483500391344,1.0001286093648498,1.0008242282788846,0.0006888310765141614,0.0,11.770939244858937
1636.760216287907,12.233500321295805,1.000113114866833,1.000810875735709,0.0006886459192988449,0.0,11.791772747739515
1636.7810497906116,12.232142874202022,1.0013642932493458,1.0020650152362172,0.0006884167373867426,0.0,11.812606250444105
1636.8018832930838,12.233116677927313,1.0004665658783722,1.001168693743364,0.0006882978570385333,0.0,11.83343975291632
1636.822716795441,12.232196705676612,1.0013146462172462,1.002019326632048,0.0006881344852154514,0.0,11.854273255273483
1636.8435502975644,12.23360062430169,1.0000207262021585,1.0007264023607851,0.0006885936550536561,0.0,11.875106757396907
1636.8643837994546,12.234829569903644,0.9988894423841659,0.9995961275498614,0.0006890339079535242,0.0,11.895940259287045
1636.8852173012285,12.232652814927407,1.0008940901423713,1.0016039410055622,0.0006882315630831254,0.0,11.916773761060995
1636.9060508027696,12.232122901951493,1.0013827136376467,1.002094584652691,0.0006880548331714559,0.0,11.937607262602114
1636.9268843040775,12.23333787182884,1.000262764474765,1.0009754289822295,0.0006888138121209653,0.0,11.958440763909948
1636.9477178052693,12.233390845415222,1.0002139623687794,1.000928118250274,0.0006886372342851778,0.0,11.979274265101822
1636.968551306229,12.233207583876705,1.0003828028470967,1.0010985086545885,0.0006883694695563964,0.0,12.000107766061546
1636.9893848069555,12.233874022889982,0.9997689432795528,1.0004855675470063,0.0006889514982098,0.0,12.020941266787986
1637.010218307506,12.23266638077871,1.000881584438397,1.0016002608350032,0.0006881098869034654,0.0,12.041774767338438
1637.0310518078245,12.235816565410323,0.9979818080954338,0.9986995639394096,0.0006894530613727662,0.0,12.06260826765697
1637.0518853079695,12.2339729279079,0.9996778735877417,1.0003979419842224,0.0006888332174108372,0.0,12.083441767802015
1637.0727188078804,12.233919683221153,0.9997268991615038,1.0004479874970662,0.0006888329312904509,0.0,12.104275267712865
1637.0935523076168,12.23444973601519,0.9992389549396641,0.9999605860075093,0.0006891872101991184,0.0,12.12510876744932
1637.1143858070636,12.23363106937393,0.9999926850663311,1.000715647630356,0.0006889204374808961,0.0,12.1459422668961
1637.135219306392,12.233645388542783,0.9999794968078721,1.0007031511909312,0.0006888455990747742,0.0,12.166775766224418
1637.1560528054297,12.234381137798746,0.9993020901425509,1.00002583961621,0.0006891682097613317,0.0,12.187609265262154
1637.1768863042935,12.232368818220701,1.0011559288865939,1.001881521502473,0.0006884222214901633,0.0,12.208442764125948
1637.197719802925,12.234179242514898,0.9994879300710491,1.0002126829462226,0.0006890050187358497,0.0,12.229276262757367
1637.218553301323,12.233118310457387,1.000465061562201,1.0011908103762366,0.0006887015732423978,0.0,12.2501097611555
1637.2393867994879,12.232332123028876,1.0011897660466007,1.0019161862398809,0.0006881361650935301,0.0,12.270943259320347
1637.2602202974203,12.235019790414718,0.9987144527176086,0.9994391290927308,0.0006894423652794677,0.0,12.29177675725282
1637.2810537951186,12.234791786787614,0.9989242038780088,0.9996489690968576,0.0006888662859244526,0.0,12.312610254951096
1637.3018872926436,12.233860230076356,0.9997816440757805,1.0005068299930657,0.0006886852457131476,0.0,12.333443752476114
1637.322720789878,12.236035013767461,0.9977810359782534,0.9985044580828256,0.000689461885962842,0.0,12.354277249710549
1637.3435542868797,12.232982663851306,1.0005900626143138,1.0013150846014751,0.0006886503290079817,0.0,12.375110746712153
1637.364387783705,12.234083014788403,0.9995765176238768,1.0003002309192146,0.0006888999339449362,0.0,12.395944243537542
1637.3852212802394,12.233617093002865,1.0000055577684885,1.0007289064398557,0.0006885213976669132,0.0,12.416777740071893
1637.4060547765425,12.234967824666196,0.9987622545555581,0.9994838767046839,0.0006891628091953459,0.0,12.437611236375005
1637.4268882725535,12.233595225960698,1.0000256983733709,1.0007472745741257,0.000688749693226847,0.0,12.458444732385942
1637.4477217683905,12.234164810935727,0.999501215328548,1.0002213093587546,0.0006888395187120814,0.0,12.479278228222938
1637.468555263937,12.236616264038748,0.9972470155765144,0.9979642689949784,0.0006896933741265662,0.0,12.500111723769578
1637.551889243733,12.237850430040735,0.9961140800539476,0.9968241640445827,0.0006902656408002353,0.0,12.58344570356553
1637.5935562320878,12.235596031059925,0.9981845383926571,0.9988920170163125,0.0006894834269052158,0.0,12.625112691920322
1637.6352232193965,12.233659960360566,0.9999660760329486,1.0006701095476542,0.0006885644764277295,0.0,12.666779679228966
1637.6768902056565,12.23529943854483,0.998457251508391,0.9991548665155044,0.0006891272502802749,0.0,12.708446665488964
1637.697723698409,12.236570978060746,0.9972886115443589,0.9979824820982133,0.0006899083094820841,0.0,12.729280158241409
1637.718557190869,12.234113026304042,0.9995488880840709,1.0002412438100965,0.0006890059249942784,0.0,12.75011365070145
1637.760224174975,12.236431779382464,0.9974164788433153,0.9981006489326304,0.0006899153864252084,0.0,12.791780634807537
1637.78105766668,12.234731135994547,0.9989800067858825,0.9996616196720364,0.0006892111446408659,0.0,12.812614126512472
1637.8227246491556,12.234761148745237,0.9989523925980459,0.9996261946596547,0.0006891266750505074,0.0,12.854281108988062
1637.843558140045,12.235823648003786,0.9979752979723074,0.9986442752187935,0.0006897713271798866,0.0,12.875114599877406
1637.8643916305855,12.235150297724221,0.9985944127830335,0.9992594467620899,0.0006894333448417657,0.0,12.89594809041796
1637.8852251208925,12.23476602804332,0.9989479033164698,0.9996086117034748,0.0006890231530514776,0.0,12.916781580725
1637.906058610908,12.236217063981382,0.9976137476236943,0.9982688400997335,0.0006898034841293092,0.0,12.937615070740549
1637.9268921006915,12.234177384956759,0.9994896400706961,1.0001410095087497,0.0006890441410785996,0.0,12.958448560523948
1637.9685590793838,12.233843957131985,0.999796628851021,1.000437681588329,0.0006894227166429647,0.0,13.000115539216267
1637.9893925683532,12.234086868095105,0.9995729701064932,1.0002083314958248,0.0006890117225393178,0.0,13.020949028185669
1638.0102260570306,12.233992879869023,0.999659503240765,1.0002891550074076,0.0006886996765121707,0.0,13.041782516863123
1638.093560009061,12.237695062668188,0.9962566328217913,0.9968590066965682,0.0006901319720393316,0.0,13.125116468893566
1638.135226983505,12.234834382684081,0.9988850145821901,0.9994750551596399,0.0006893009819172125,0.0,13.166783443337408
1638.1560604703775,12.234723966564626,0.998986603361335,0.9995694123886589,0.0006890604695261998,0.0,13.18761693020997
1638.1768939570175,12.233657406939592,0.9999684277435593,1.0005442685338846,0.0006887620338919949,0.0,13.208450416849928
1638.1977274433666,12.23414664350407,0.9995179399453208,1.0000857452209626,0.0006889173334216097,0.0,13.229283903199075
1638.2185609294825,12.23749952353309,0.9964360730050742,0.9969941414172698,0.0006903302872363475,0.0,13.250117389314937
1638.260227901132,12.234805859849669,0.9989112561369836,0.9994539803026498,0.0006889315008790408,0.0,13.291784360964584
1638.2810613866081,12.23472840692702,0.9989825177893018,0.9995165443461612,0.0006892902215570372,0.0,13.312617846440617
1638.30189487191,12.23438359594063,0.9992998276928584,0.9998250277904701,0.0006888857823168701,0.0,13.33345133174248
1638.3227283569774,12.234727003145121,0.9989838094055113,0.9994996156399703,0.000689299865562132,0.0,13.354284816809923
1638.343561841929,12.234610201885925,0.9990912838019653,0.9995976524091358,0.0006891303884786353,0.0,13.375118301761404
1638.364395326707,12.237939646799287,0.9960322310580503,0.9965273216663468,0.0006903544621939903,0.0,13.395951786539399
1638.3852288113094,12.240685901554949,0.9935160565446365,0.9939999417150946,0.000691433947968134,0.0,13.416785271141862
1638.4060622957954,12.234922982526934,0.9988035054236728,0.999279693859373,0.0006891160267079184,0.0,13.43761875562791
1638.4268957801075,12.235513106890917,0.9982607786285811,0.998726170430179,0.0006895624443222392,0.0,13.458452239940016
1638.4477292643605,12.233623127256562,1.0,1.0004553781446934,0.0006886842409471345,0.0,13.479285724193005
1638.4893962326928,12.235552148823,0.9982248828662158,0.9986570165572853,0.0006893326431281359,0.0,13.52095269252527
1638.5102297167714,12.236939415484716,0.9969502456424703,0.9973702004453706,0.000689782445240134,0.0,13.541786176603864
1638.5310632009075,12.234274332830143,0.999400397335086,0.9998094605604538,0.0006887931252355721,0.0,13.562619660739983
1638.5518966849863,12.236534503319053,0.9973221154980457,0.9977181431594281,0.0006896379471555292,0.0,13.583453144818805
1638.5727301691818,12.235495723752162,0.9982767613732535,0.9986606666630014,0.0006892665445023823,0.0,13.604286629014268
1638.5935636534355,12.234238513829837,0.9994333686162116,0.9998049273560082,0.0006889718087484164,0.0,13.62512011326794
1638.6143971378046,12.233792845979622,0.9998436954961342,1.0002023011419874,0.0006887430442375707,0.0,13.645953597637117
1638.6352306223494,12.237069674568216,0.996830645655773,0.9971748001155948,0.0006899162819385452,0.0,13.666787082181827
1638.6560641070691,12.232291116089254,1.0012275804838713,1.0015595476500607,0.0006885568017983027,0.0,13.687620566901614
1638.676897592079,12.233334128320562,1.000266213285239,1.000583838055375,0.0006886670639167617,0.0,13.70845405191153
1638.6977310773796,12.230607333413943,1.0027815100188207,1.0030855722102576,0.0006876134333813609,0.0,13.72928753721203
1638.7185645630302,12.232760025648945,1.0007952620114562,1.001084083611608,0.0006881866119839484,0.0,13.750121022862686
1638.7393980490879,12.235140229405243,0.9986036730560641,0.9988769474037732,0.0006892723207028725,0.0,13.77095450892034
1638.7602315356116,12.234719333102076,0.9989908666224043,0.9992489842555992,0.0006892833284453297,0.0,13.79178799544411
1638.7810650226584,12.234072702379779,0.9995860117260437,0.9998287100629866,0.0006888254603489568,0.0,13.81262148249084
1638.8018985103458,12.232020598601267,1.0014770732367753,1.001704296485247,0.0006879996470562639,0.0,13.833454970178309
1638.8227319986154,12.231225177621711,1.0022110339717536,1.002422153386775,0.0006878858865432322,0.0,13.854288458447854
1638.8435654877005,12.233800265400571,0.9998368630483616,1.000030923146062,0.000688897501472305,0.0,13.875121947532989
1638.8643989775414,12.231578461174996,1.0018849814038806,1.0020624917682661,0.0006880459077258572,0.0,13.895955437373914
1638.8852324683144,12.232881964878246,1.0006828688263487,1.0008429079717802,0.0006888725271359023,0.0,13.916788928146843
1638.9060659600186,12.232378056291807,1.0011474105095965,1.0012899300046576,0.000688180704417386,0.0,13.937622419851095
1638.9268994730264,12.232596192658928,1.0009462891677368,1.0010708321845565,0.0006883271737917432,0.0,13.958455932858897
1638.9477329670005,12.232908273938293,1.000658621033378,1.0007648469142958,0.0006884153662873651,0.0,13.97928942683302
1638.9685664621966,12.23185662507776,1.0016283329301237,1.0017159938925135,0.0006883195728425099,0.0,14.00012292202905
1640.0935779613696,12.23419570670581,0.9994727738708084,1.0108484342921775,0.001334584094621933,1.0,15.12513442120212
1640.1560787105805,12.237751677360766,0.9962046853116692,1.0072584084570355,0.0013494879941696489,1.0,15.187635170412932
1640.1769122945445,12.243790494237125,0.9906792192406325,1.001577567113847,0.0013499666644625724,1.0,15.208468754377009
1640.197745878915,12.242740169918822,0.9916380506140476,1.0024529506493378,0.0013402180467363986,1.0,15.229302338747402
1640.3852481530917,12.240659805590608,0.9935399362596626,1.0035352302257254,0.0012416034394496847,1.0,15.416804612924125
1640.4685825036695,12.240105278986825,0.9940475043431314,1.0036783987913447,0.0012294881125136479,1.0,15.500138963501968
1640.5727504456036,12.243350353288973,0.9910809069457965,1.0002261447728888,0.001216025668173859,1.0,15.604306905436033
1640.5935840343982,12.24203907177529,0.9922785930503077,1.0013438675490998,0.001207385334677181,1.0,15.625140494230664
1640.6144176232506,12.243030682291137,0.9913727517474548,1.0003389778120608,0.0012008745355389415,1.0,15.645974083083047
1640.635251212278,12.241843437835543,0.9924574033909723,1.0013427263644392,0.0011904478742871876,1.0,15.666807672110508
1640.6560848013635,12.240444079966633,0.9937373629605949,1.0025434745916486,0.0011802746894500216,1.0,15.68764126119595
1640.6769183905644,12.242020002697362,0.9922960208600274,1.0009989797670396,0.0011743069958481413,1.0,15.708474850396897
1640.6977519798238,12.242459230423385,0.991894674956845,1.0005039291478144,0.0011678641895089758,1.0,15.729308439656279
1640.7185855692005,12.239649358305794,0.9944650108990019,1.0030063153790187,0.0011591733116852678,1.0,15.750142029032986
1640.760252748069,12.243414765912183,0.991022111607526,0.9993544276919171,0.0011531251466287609,1.0,15.791809207901451
1640.801919927171,12.240188534676657,0.993971282386692,1.0021490781714095,0.0011369099339259673,1.0,15.83347638700343
1640.8227535167798,12.241953739003645,0.9923565836430057,1.000431819849319,0.0011296206745758709,1.0,15.854309976612285
1640.843587106448,12.242340819662479,0.9920028572275852,0.9999861303273485,0.0011211339977226227,1.0,15.875143566280485
1640.864420696173,12.23969829593085,0.9944201881705588,1.0023337719074583,0.001108529719278216,1.0,15.895977156005529
1640.885254285898,12.24034791300342,0.9938253852042687,1.001645304114664,0.0010976974256621402,1.0,15.916810745730572
1640.9060878756825,12.240698367629943,0.9935046493773043,1.0012333001926084,0.001085493165011172,1.0,15.93764433551496
1640.9269214654664,12.240382380873235,0.9937938356435927,1.0014361241489378,0.0010708389391659184,1.0,15.958477925298894
1640.9685886450916,12.240846022553349,0.9933695466905271,1.0008318984866387,0.00104407557466713,1.0,16.00014510492406
1640.9894222348755,12.24057281871374,0.9936195397562616,1.0009956473988213,0.0010315122733028962,1.0,16.020978694707992
1641.010255824775,12.238442751363614,0.995570800117001,1.002873255929859,0.0010188588885626732,1.0,16.04181228460743
1641.0310894146169,12.242651793480961,0.9917187709630747,0.9989053339638837,0.0010117260630068035,1.0,16.062645874449345
1641.0519230044595,12.241754417609702,0.992538778962485,0.9996437309502061,0.0010018116072908236,1.0,16.08347946429194
1641.0727565943012,12.240340781111248,0.9938319133818628,1.0008586124873668,0.0009932269275350328,1.0,16.104313054133627
1641.0935901841435,12.240632181906912,0.9935652145749281,1.0005026995174788,0.0009878436691233411,1.0,16.125146643975995
1641.1144237739845,12.240785727908786,0.9934247134304677,1.000274058667272,0.0009819222888263657,1.0,16.145980233817
1641.135257363827,12.241193935258368,0.9930512829008584,0.9998110849132069,0.0009782194709286635,1.0,16.166813823659368
1641.1560909536684,12.240139748312458,0.9940159463983209,1.000695419390664,0.0009732449219942682,1.0,16.187647413500827
1641.1769245435112,12.241093379420692,0.9931432589512674,0.9997302056886682,0.000969026310316191,1.0,16.20848100334365
1641.1977581332944,12.240229242670312,0.9939340156749917,1.0004396332437946,0.0009625344274892324,1.0,16.2293145931269
1641.218591723079,12.239382103187667,0.9947098296459366,1.0011340411046843,0.0009548304072491901,1.0,16.250148182911516
1641.239425312862,12.240521611501263,0.9936664035216431,0.9999976398714278,0.00094845183715193,1.0,16.27098177269454
1641.2602589025869,12.240950816120407,0.9932736728362844,0.9995163616143601,0.0009406783461048058,1.0,16.291815362419356
1641.2810924923128,12.243236474857852,0.9911848628214184,0.9973287157281765,0.0009343537155212831,1.0,16.31264895214531
1641.3019260820379,12.243265578215466,0.9911582942859127,0.9972164334738252,0.0009261693148784987,1.0,16.333482541870353
1641.3227596717052,12.243161602046607,0.9912532176904453,0.9972265362240658,0.0009183297957045937,1.0,16.354316131537644
1641.343593261373,12.241200586876298,0.9930451991233663,0.9989439175443332,0.0009101189313934176,1.0,16.37514972120539
1641.3644268509825,12.240187544745867,0.9939721886503147,0.9997910917172091,0.0009031364055864649,1.0,16.395983310814927
1641.3852604405906,12.239310908219258,0.9947750578814177,1.0005134271899119,0.0008977871318956052,1.0,16.4168169004231
1641.406094030142,12.242329919045929,0.9920128168264255,0.9976504110841393,0.0008965406396995145,1.0,16.43765048997443
1641.4269276196928,12.24185055305216,0.9924508994849233,0.9980062610468076,0.000894362032007457,1.0,16.458484079525306
1641.4477612091855,12.237042832493682,0.996855290070434,1.00235036423706,0.0008899146686637971,1.0,16.479317669017973
1641.4685947986195,12.240732376870973,0.9934735296543399,0.9988654650384243,0.000891023076096084,1.0,16.50015125845198
1641.4894283880544,12.243340893903383,0.9910895416926597,0.9963843997006846,0.0008918812139808737,1.0,16.520984847886893
1641.5102619774311,12.240196469564188,0.9939640181714264,0.9991900064348036,0.0008895303497379939,1.0,16.5418184372636
1641.5310955668074,12.241827324967865,0.9924721320639299,0.9976063321124761,0.0008906802119258535,1.0,16.562652026639853
1641.5519291561245,12.242429109301371,0.9919221930545503,0.9969698060698857,0.0008909895310016963,1.0,16.583485615956988
1641.5727627453848,12.24095155504088,0.9932729968433496,0.9982437833507265,0.0008890057545584817,1.0,16.60431920521728
1641.5935963346446,12.241282664416898,0.9929701315088102,0.997855883163991,0.0008882298949240007,1.0,16.625152794477117
1641.6144299238454,12.241275724326488,0.9929764786532472,0.9977788974235564,0.0008862106800350809,1.0,16.645986383677837
1641.6352635129895,12.242956743229723,0.9914402669195826,0.9961521761118948,0.0008859459277561103,1.0,16.66681997282194
1641.6560971020754,12.240306055684997,0.9938636999139516,0.9985039993360796,0.0008814709208215315,1.0,16.687653561907837
1641.6769306911601,12.242685531721175,0.9916879547057493,0.9962353054815497,0.0008800366609967243,1.0,16.708487150992596
1641.6977642801867,12.239499654735754,0.9946021392602252,0.9990799749917966,0.0008751983811236124,1.0,16.729320740019148
1641.7185978691564,12.241586117030577,0.9926926448813875,0.9970793201645866,0.0008741609458375061,1.0,16.750154328988856
1641.7394314580665,12.242348602501954,0.9919957463186092,0.996296991349056,0.0008726530365160944,1.0,16.770987917898992
1641.7602650469767,12.240919057177317,0.993302727576543,0.9975273355617651,0.0008699829023500516,1.0,16.79182150680913
1641.7810986358295,12.242750492378853,0.991628622821698,0.9957641001420425,0.0008697665914480239,1.0,16.812655095661967
1641.8019322246241,12.242819835289346,0.9915652923195489,0.995618654932783,0.0008686749965419707,1.0,16.833488684456597
1641.8227658133596,12.239333080907299,0.9947547429911939,0.9987391848381817,0.0008640017272939027,1.0,16.85432227319211
1641.8435994020945,12.243610830662313,0.9908431667046005,0.9947304589157014,0.0008638760973720213,1.0,16.87515586192694
1641.8644329907145,12.240104703353829,0.9940480313649727,0.9978663062747076,0.0008585043422716573,1.0,16.89598945054695
1641.8852665793345,12.241244295368421,0.9930052228985534,0.9967381417958027,0.0008558562595060282,1.0,16.916823039166957
1641.9061001678956,12.242655486252977,0.9917153979659507,0.995362377731738,0.0008527651622783201,1.0,16.937656627728074
1641.9269337563985,12.241933685793645,0.9923749123297086,0.9959433274947797,0.0008475230276643227,1.0,16.958490216230985
1641.9477673448441,12.239226784321614,0.9948521370069331,0.9983484224737609,0.0008412523825253736,1.0,16.979323804676596
1641.96860093323,12.241668595223397,0.9926172376275346,0.9960249677721169,0.0008384805871374791,1.0,17.00015739306241
1641.9894345216167,12.238378549619968,0.9956296719413263,0.9989669527341556,0.0008321638875052827,1.0,17.02099098144913
1642.010268109946,12.236774079109763,0.9971020732133774,1.000363533494126,0.000827318201774842,1.0,17.041824569778555
1642.0311016981575,12.237264538400103,0.9966517543115823,0.9998311769071224,0.0008242264909230704,1.0,17.062658157989972
1642.051935286369,12.235390797189241,0.9983732404355545,1.0014776057760033,0.0008201513934492961,1.0,17.08349174620139
1642.0727688745235,12.237065288021668,0.9968346730178911,0.9998539840496724,0.0008184231374080924,1.0,17.104325334355963
1642.093602462619,12.236721364266513,0.9971504858529157,1.000090612337455,0.0008162631174803526,1.0,17.12515892245142
1642.1144360507146,12.237081904582858,0.9968194171596843,0.9996786074211796,0.0008146644868711659,1.0,17.145992510547103
1642.1352696386934,12.237184147897644,0.996725551520533,0.9995046743796,0.0008134280625799681,1.0,17.166826098525917
1642.156103226615,12.237788989166523,0.9961704508844926,0.9988684264621425,0.0008129275151166034,1.0,17.187659686447432
1642.176936814536,12.23811571681001,0.9958707211204412,0.9984884634427224,0.0008125096938071757,1.0,17.208493274368493
1642.1977704023407,12.236995923842297,0.9968983595998805,0.999439453907181,0.0008109761493328061,1.0,17.22932686217314
1642.2186039901449,12.236095535555846,0.9977254185921869,1.0001893602137122,0.0008088886648100817,1.0,17.25016044997733
1642.2394375778915,12.237075006949611,0.9968257499286973,0.9992084344010673,0.0008079665042653744,1.0,17.270994037723995
1642.2602711655795,12.23763579849771,0.996311014295018,0.9986136277312201,0.000807012065646281,1.0,17.291827625411997
1642.2811047532095,12.234853892898268,0.9988670652079316,1.0010966972875788,0.0008038048423255401,1.0,17.31266121304202
1642.3019383407814,12.2361248797809,0.9976984534016925,0.9998468344493251,0.0008017936380316124,1.0,17.333494800613835
1642.3227719282945,12.236439872550816,0.997409044045286,0.9994783360414807,0.0008001151639671914,1.0,17.354328388126987
1642.3436055158086,12.236526659815985,0.9973293203119713,0.9993201410766508,0.000797592796282918,1.0,17.37516197564105
1642.3644391032055,12.237154719298514,0.9967525678750517,0.9986641304016357,0.0007960939155975803,1.0,17.395995563038014
1642.3852726905445,12.235767436651196,0.9980269670548014,0.9998629205169067,0.0007936008693391753,1.0,17.416829150376998
1642.406106277883,12.234956235102125,0.9987729157832738,1.000532283813182,0.0007923215579717638,1.0,17.437662737715527
1642.4269398651054,12.236043565236233,0.9977731772923849,0.9994530581641514,0.0007929029106465782,1.0,17.45849632493787
1642.4477734523289,12.238177846490473,0.9958137354924885,0.9974128971134906,0.0007938307931022429,1.0,17.479329912161347
1642.4686070394926,12.235480723698593,0.998290553220915,0.9998162329732179,0.0007927644544109717,1.0,17.500163499325026
1642.489440626598,12.236123652465507,0.9976995811999155,0.999147097604525,0.000793774036072189,1.0,17.520997086430498
1642.5102742136469,12.235456822845475,0.9983125293311345,0.9996837807514035,0.0007941522587802263,1.0,17.541830673479353
1642.5311078006366,12.235752804943392,0.9980404168571526,0.9993343145024305,0.0007958130319984034,1.0,17.56266426046909
1642.5519413875675,12.235937454908298,0.9978706956512212,0.9990875594933778,0.0007974233173596967,1.0,17.58349784739994
1642.5727749744406,12.236966878649906,0.996925028593531,0.998064151192872,0.0007992777895236829,1.0,17.604331434273035
1642.5936085612561,12.237225667263388,0.9966874367176153,0.9977498708810323,0.0008006638759677359,1.0,17.625165021088605
1642.614442148013,12.235667703061571,0.9981186480573316,0.9991062341386534,0.0008000603344354454,1.0,17.645998607845513
1642.6352757347695,12.234790231103592,0.9989256351755271,0.999837737315188,0.0007994469372910933,1.0,17.666832194601966
1642.65610932141,12.235947321392977,0.9978616276739785,0.9986967099350187,0.0007994924084897601,1.0,17.68766578124246
1642.6769429080505,12.234797896374193,0.9989185828102843,0.9996785736077286,0.0007971311211486504,1.0,17.70849936788295
1642.6977764945746,12.237209859391456,0.9967019481818029,0.9973845976252215,0.0007965254699165116,1.0,17.729332954407028
1642.7186100810986,12.234453490234682,0.9992354998132162,0.9998441901071671,0.0007926290951361079,1.0,17.750166540931104
1642.7394436675645,12.235040269593748,0.9986956151223458,0.9992284757088857,0.0007911153780222421,1.0,17.771000127396974
1642.7602772539715,12.233611765105188,1.0000104649829082,1.0004685796841528,0.0007887860326011915,1.0,17.791833713803953
1642.7811108403216,12.23486002278995,0.998861425781335,0.9992438059166752,0.0007876853813803857,1.0,17.81266730015409
1642.8019444266124,12.234323196361608,0.9993554203566357,0.9996628967969494,0.0007857905889619382,1.0,17.83350088644488
1642.822778012846,12.234321390228459,0.9993570827958578,0.9995896193231297,0.0007836939341836079,1.0,17.854334472678374
1642.84361159902,12.233176829404446,1.0004111400074223,1.0005690549315027,0.0007807417393661546,1.0,17.875168058852523
1642.864445185136,12.232024245898414,1.0014737089956993,1.0015569979553227,0.0007773107485010337,1.0,17.896001644968464
1642.8852787711953,12.23128644577244,1.0021544807464386,1.0021631345229454,0.0007750024370938441,1.0,17.91683523102779
1642.9061123572535,12.232581015136475,1.0009602815085046,1.00089447466263,0.0007719396467069027,1.0,17.937668817085978
1642.9269459431948,12.23101270502825,1.0024071803412242,1.0022668730821838,0.0007677282040881235,1.0,17.958502403027296
1642.9477795291375,12.232004236948738,1.0014921652483342,1.0012778011292007,0.0007645987572666691,1.0,17.97933598896998
1642.968613115021,12.229430928053304,1.0038686220313775,1.0035795410060355,0.0007600171901098079,1.0,18.000169574853544
1642.9894467007884,12.231525164716079,1.001934162993395,1.0015717261620094,0.0007580679287612275,1.0,18.02100316062092
1643.0102802865554,12.23014017357828,1.00321306976587,1.0027763155961193,0.0007544569565492516,1.0,18.041836746387844
1643.0311138722645,12.231536705518781,1.0019235130187598,1.0014137127294072,0.0007522942516530613,1.0,18.062670332097014
1643.0519474579155,12.231111268633795,1.0023161855111482,1.0017327012738662,0.0007499819124077262,1.0,18.083503917747976
1643.0727810435085,12.232284148490239,1.001234005778209,1.0005778987146583,0.0007489291572860924,1.0,18.104337503340957
1643.0936146290428,12.232019912934321,1.0014777056923745,1.0007483202801144,0.000747416604800429,1.0,18.125171088875277
1643.1144482145196,12.232242671595127,1.0012722552819902,1.0004700677323173,0.0007460396495102235,1.0,18.14600467435207
1643.1352817999955,12.233358583734473,1.0002436832741117,0.999369594619033,0.0007456401242327715,1.0,18.166838259827955
1643.1561153853545,12.230854605851684,1.002553156212854,1.0016043082349186,0.0007440899986725911,1.0,18.18767184518697
1643.1769489707144,12.230555962878771,1.002828956757058,1.001807238538553,0.0007431772347839124,1.0,18.208505430546893
1643.2602833115138,12.231259532324923,1.002179322661255,1.0008695346219418,0.0007407207229682365,1.0,18.291839771346304
1643.2811168965825,12.231376705486,1.0020711728340284,1.0006897299039186,0.0007397561364205227,1.0,18.31267335641496
1643.3019504815925,12.235615095433953,0.9981670114867324,0.9967195851165497,0.000740509288940085,1.0,18.333506941424957
1643.322784066545,12.23205391755488,1.0014463404897138,0.999922709961385,0.0007380027370845998,1.0,18.354340526377428
1643.364451236334,12.232290770929955,1.0012278987776368,0.999562187530778,0.0007355238326101097,1.0,18.396007696166407
1643.3852848211109,12.231559873082103,1.0019021340883334,1.000164273421606,0.0007346302437219733,1.0,18.416841280943345
1643.4061184058896,12.232112681981816,1.001392139637342,0.9995843230437352,0.0007343638137050724,1.0,18.4376748657221
1643.4269519906084,12.231680390848819,1.0017909281564783,0.9999116738895818,0.0007334861697532503,1.0,18.45850845044083
1643.4477855752698,12.230471777970164,1.0029067162871814,1.0009547235370162,0.0007329022505927221,1.0,18.479342035102263
1643.4686191598155,12.230281607421619,1.0030823943418041,1.0010595529927733,0.0007329875395854007,1.0,18.500175619647962
1643.4894527443605,12.233188317598245,1.0004005546956287,0.998312954069082,0.0007341893515074615,1.0,18.52100920419298
1643.510286328905,12.232036718197875,1.001462204720348,0.9993022973922057,0.0007341114842547614,1.0,18.54184278873754
1643.531119913333,12.231215491974357,1.0022199745467328,0.9999884393444419,0.0007342371523443184,1.0,18.56267637316546
1643.5519534977034,12.231630550059725,1.0018369164878858,0.999536418053712,0.0007350024888395118,1.0,18.583509957535853
1643.5727870820735,12.232080999156459,1.0014213616482224,0.9990521807870942,0.000735957258072757,1.0,18.60434354190602
1643.5936206663275,12.230532978179198,1.002850186560551,1.0004080400281619,0.0007359356027472054,1.0,18.625177126159997
1643.6144542505815,12.229090834192439,1.0041831211065504,1.0016682016062886,0.0007356540463891074,1.0,18.646010710413975
1643.6352878347775,12.2306353670218,1.002755618627725,1.0001749966122182,0.000736742198871663,1.0,18.666844294609973
1643.6561214189146,12.234182788279655,0.9994846659786524,0.9968435602221958,0.0007387713627379533,1.0,18.68767787874708
1643.6769550029935,12.229614651680855,1.0036987660568801,1.0009774831008824,0.0007368169068341557,1.0,18.70851146282598
1643.6977885870147,12.231424357603888,1.0020271936744551,0.9992416664397662,0.0007376734751540331,1.0,18.72934504684713
1643.7186221709776,12.231347094577986,1.002098502347233,0.9992441458581401,0.0007375837433628246,1.0,18.75017863081007
1643.73945575494,12.230814428594638,1.002590255999122,0.9996659843274367,0.0007371562803229476,1.0,18.771012214772554
1643.760289338787,12.230868954206297,1.0025399072366394,0.9995474215312823,0.0007369710282601917,1.0,18.791845798619534
1643.781122922634,12.230335335229249,1.003032757897662,0.9999705567550203,0.0007366130739359806,1.0,18.812679382466513
1643.8019565064214,12.229542359655627,1.0037655979741356,1.0006330155449992,0.0007360811468223809,1.0,18.83351296625392
1643.822790090151,12.23088733122953,1.002522938526221,0.9993263245937133,0.0007363275698425118,1.0,18.854346549983575
1643.8436236738235,12.23246150083479,1.001070470017431,0.997810825833187,0.0007371456334995837,1.0,18.87518013365593
1643.8644572574365,12.230613855963089,1.0027754858372493,0.9994426629543937,0.0007356292796768612,1.0,18.896013717268943
1643.8852908409922,12.228797899458963,1.00445408913713,1.0010480972340108,0.0007345027173479495,1.0,18.916847300824656
1643.9061244245477,12.231144853596197,1.0022851814508438,0.9988192497023309,0.0007346511033835574,1.0,18.937680884380143
1643.9269580079872,12.22999006716124,1.0033517766901954,0.9998149404437519,0.0007330942792367027,1.0,18.95851446781967
1643.9477915914256,12.229894002972966,1.003440555564593,0.9998363339994356,0.0007319227842998582,1.0,18.979348051258057
1643.9686251748055,12.228340788393739,1.0048770682586485,1.0012006684569055,0.0007300989059803798,1.0,19.00018163463801
1643.9894587581284,12.230109357965757,1.0032415435920328,0.9995043676595097,0.0007297499653607964,1.0,19.021015217960894
1644.0102923413924,12.229318668120504,1.0039724226136735,1.0001658653175496,0.0007281959933956104,1.0,19.041848801224887
1644.031125924599,12.22977637515851,1.003549273421636,0.9996778393629916,0.0007271342770240986,1.0,19.062682384431582
1644.0519595077476,12.229384983568037,1.0039111030712395,0.9999719176021022,0.0007261366712905959,1.0,19.08351596758007
1644.0727930908952,12.22867466560018,1.00456810373656,1.0005600908872703,0.000725200382481342,1.0,19.104349550727648
1644.0936266739259,12.229329825777892,1.0039621052615288,0.9998904501942705,0.0007246664491677051,1.0,19.125183133758355
1644.1144602569575,12.227975182409853,1.0052155030746193,1.0010727718053185,0.0007234305382960366,1.0,19.146016716789973
1644.1352938399314,12.22670860377123,1.006388833567811,1.0021753464307694,0.0007223339898628081,1.0,19.166850299763837
1644.1561274228457,12.227806374779975,1.0053718036915402,1.001096870380764,0.0007222607717614648,1.0,19.18768388267813
1644.1769610057027,12.228660365452804,1.0045813349123025,1.0002442594856151,0.0007223782996262965,1.0,19.208517465535124
1644.197794588501,12.228907164080255,1.0043530095444366,0.999951580691969,0.0007219914048025666,1.0,19.229351048333456
1644.2186281713011,12.22855608565204,1.0046778248072603,1.0002097613856042,0.0007214929792770173,1.0,19.250184631133607
1644.2394617539826,12.227374759853582,1.005771550644626,1.0012334903319209,0.0007208508642705185,1.0,19.27101821381507
1644.2602953366645,12.227176166580861,1.0059555343152262,1.0013516484095741,0.0007204582916432769,1.0,19.291851796496985
1644.2811289192887,12.227915243931209,1.0052709979092045,1.0006054427559117,0.0007202707741329558,1.0,19.31268537912115
1644.3019625018546,12.226858362884688,1.0062500286675424,1.0015152137131345,0.0007191164961811666,1.0,19.333518961687105
1644.3227960843615,12.226434151071818,1.0066432609724547,1.0018420035812867,0.0007185477827710566,1.0,19.354352544193944
1644.343629666811,12.228471743806987,1.004755872930162,0.999899295423435,0.00071871517730462,1.0,19.375186126643484
1644.3644632492606,12.226916373370699,1.0061962665349364,1.0012684614197773,0.0007172923045167428,1.0,19.396019709093025
1644.3852968315937,12.225601886040288,1.0074151935716225,1.0024172247688754,0.0007161028590616292,1.0,19.41685329142615
1644.4061304139268,12.22812574173842,1.0050761192376114,1.0000258587574902,0.000716759151870721,1.0,19.437686873759276
1644.4269639962015,12.227334276899054,1.0058090527218952,1.0006913153861905,0.0007163121540727167,1.0,19.458520456033966
1644.4477975784175,12.227363241032586,1.0057822211591212,1.0006009767428843,0.0007162306098337053,1.0,19.479354038249994
1644.468631160576,12.227773856761033,1.005401915231336,1.0001591590328043,0.0007162533692120223,1.0,19.500187620408497
1644.4894647426763,12.225978212061175,1.0070660748312772,1.0017512135748983,0.0007154474941024026,1.0,19.52102120250879
1644.5102983247184,12.225913803814596,1.0071258179656974,1.0017473592678852,0.0007158067558022645,1.0,19.54185478455088
1644.5311319067605,12.226866411424758,1.0062425693845005,1.0008057495329705,0.0007163133278544662,1.0,19.562688366592965
1644.5519654887435,12.22598105305089,1.0070634396970661,1.001559203746475,0.0007162441610206872,1.0,19.583521948575935
1644.5727990706696,12.227064372301687,1.0060591192038462,1.0004976028947836,0.000717310313596569,1.0,19.604355530502062
1644.593632652536,12.225648826793925,1.0073716398925818,1.001740165038004,0.0007172087787339552,1.0,19.62518911236839
1644.614466234345,12.22614100223181,1.0069150914083913,1.0012236427633838,0.0007179362788748043,1.0,19.646022694177418
1644.635299816097,12.227062594003607,1.0060607670023223,1.0003118226291843,0.0007191120177703089,1.0,19.666856275929376
1644.6561333977895,12.226744151541796,1.006355884225643,1.0005430587770363,0.0007189195969205552,1.0,19.68768985762199
1644.6769669794826,12.226239996040588,1.006823288431254,1.0009456879250502,0.0007188645741711941,1.0,19.70852343931506
1644.6978005611165,12.22539947764432,1.0076030184784355,1.0016588910909436,0.0007186895926018198,1.0,19.72935702094901
1644.7186341426932,12.226596217629453,1.0064930117389248,1.0004936739982577,0.0007192275341846678,1.0,19.750190602525663
1644.739467724211,12.226123982986541,1.006930875232439,1.0008672902390776,0.0007193224746438806,1.0,19.771024184043426
1644.76030130567,12.225691829069628,1.0073317421577985,1.0012042295112868,0.0007200217119921573,1.0,19.791857765502527
1644.7811348870725,12.225988305352463,1.0070567129218682,1.0008695244157573,0.0007193899902826545,1.0,19.812691346905012
1644.8019684684741,12.227661549559796,1.005505918132556,0.9992671508632186,0.0007202394192802994,1.0,19.833524928306588
1644.822802049759,12.226390277890674,1.0066839389329687,1.0003768322300677,0.0007194617705463442,1.0,19.85435850959152
1644.843635631044,12.226245865456143,1.0068178456282324,1.0004490094368024,0.0007192201113291018,1.0,19.875192090876453
1644.8644692122716,12.22615502877312,1.0069020832349207,1.0004719663795894,0.0007190724578658894,1.0,19.896025672104088
1644.8853027934397,12.227075513467296,1.0060487956890705,0.9995635792883973,0.0007190016287199519,1.0,19.91685925327215
1644.9061363745504,12.225157519905666,1.0078275891559534,1.0012703983798132,0.0007177907927793699,1.0,19.937692834382915
1644.9269699556035,12.226209885948625,1.0068512104642837,1.0002400706712216,0.0007179439898609572,1.0,19.958526415435927
1644.947803536656,12.22588852813826,1.0071492638841437,1.0004759952351217,0.0007168466882934051,1.0,19.979359996488483
1644.968637117592,12.226339401827284,1.0067311118241764,1.0000006145385105,0.0007161603635895623,1.0,20.000193577424398
1644.989470698527,12.226352533429914,1.0067189358343618,0.9999286688925779,0.000714997001458373,1.0,20.021027158359402
1645.0103042794055,12.22616342875353,1.00689429319806,1.0000431294556387,0.0007140450555006753,1.0,20.041860739238018
1645.0311378602246,12.225237652099933,1.007753209711227,1.000836584254767,0.0007126480134139964,1.0,20.062694320057062
1645.0519714409857,12.22510600145358,1.0078754119595081,1.0008984706208297,0.000711851922820783,1.0,20.083527900818126
1645.0728050217472,12.225441879202645,1.007563669045558,1.0005295743656935,0.0007113750801584425,1.0,20.104361481579645
1645.0936386023925,12.225000512201744,1.0079733410769454,1.0008771982960523,0.0007106729879180032,1.0,20.125195062224975
1645.1144721830374,12.226231457076318,1.006831206802084,0.9996841308566705,0.0007108696844068025,1.0,20.14602864286985
1645.1353057635656,12.224847396336035,1.0081155004644913,1.00090040615609,0.0007099166301311687,1.0,20.166862223398084
1645.1561393440938,12.225735176724044,1.0072915255781216,1.0000236220732799,0.0007105305752954192,1.0,20.187695803926317
1645.1769729245639,12.225743829665925,1.00728349784518,0.9999570934444453,0.0007098334398670157,1.0,20.208529384396343
1645.197806505034,12.224774304595307,1.008183369065307,1.0007919555715803,0.0007094699892352622,1.0,20.229362964866368
1645.2186400853884,12.223292404481628,1.009560358329233,1.002100453096609,0.0007085344282096534,1.0,20.250196545220888
1645.2394736656838,12.225700138899374,1.007324032436778,0.9998225318646216,0.0007090946644662279,1.0,20.27103012551629
1645.2603072459794,12.224873446876003,1.0080913126019435,1.0005260807445717,0.0007084949942657588,1.0,20.29186370581192
1645.2811408262164,12.225162912087995,1.007822583910114,1.0002015137498468,0.0007086078352227862,1.0,20.312697286048888
1645.3019744063972,12.224397300046641,1.0085335054170648,1.0008493105258303,0.0007075675807685437,1.0,20.333530866229694
1645.322807986518,12.225180082805297,1.0078066455083499,1.0000704283428676,0.0007072342774427354,1.0,20.354364446350473
1645.3436415665801,12.22421295324457,1.008704758535666,1.0009041824645701,0.0007062927883766351,1.0,20.37519802641259
1645.3644751465854,12.22354774139227,1.0093229639115961,1.001460254106093,0.000705443661765087,1.0,20.396031606417864
1645.3853087265902,12.224377168696071,1.0085522054748692,1.0006383375408023,0.0007051224724528613,1.0,20.416865186422683
1645.406142306478,12.224054051776546,1.0088523969730017,1.000879140881557,0.0007047094456444996,1.0,20.437698766310405
1645.426975886366,12.223977548422617,1.0089234854297289,1.0008927776096892,0.0007040849223704781,1.0,20.45853234619858
1645.4478094661965,12.22469905428539,1.0082532467573029,1.0001711683225107,0.0007039955527680093,1.0,20.479365926029004
1645.4686430459674,12.222996561692996,1.0098354821072149,1.00168407289634,0.0007035398654819618,1.0,20.500199505799856
1645.489476625681,12.22381475242438,1.0090747754204554,1.0008730482422983,0.0007038135792944353,1.0,20.52103308551341
1645.5103102053365,12.223502418560168,1.009365097838638,1.001104682899812,0.0007035097736963622,1.0,20.541866665168982
1645.5311437849346,12.223482229258106,1.0093838671918487,1.0010671161451958,0.0007037092395338596,1.0,20.56270024476703
1645.551977364531,12.226211910780378,1.0068493327499815,0.9984975695566376,0.0007052069771311904,1.0,20.583533824363485
1645.5728109440115,12.224522671920635,1.0084170549983893,0.9999964516602732,0.0007048200269722879,1.0,20.60436740384398
1645.5936445234925,12.222713757586252,1.0100985504446365,1.001608123542639,0.000704326933277928,1.0,20.62520098332493
1645.614478102915,12.224046019527693,1.0088598604650056,1.0003242775946133,0.000705380380338368,1.0,20.646034562747445
1645.6353116822788,12.222852558978053,1.0099694268853519,1.001368973864576,0.0007055649004513937,1.0,20.666868142111298
1645.6561452615856,12.224322518730258,1.008602971701954,0.9999588935204564,0.0007062337671420652,1.0,20.68770172141808
1645.6769788408335,12.223649038765895,1.009228800158383,1.0005242090469526,0.000706313295870116,1.0,20.70853530066597
1645.697812420081,12.223825004217103,1.0090652475290995,1.0003070727771806,0.0007066459822537841,1.0,20.72936887991341
1645.7186459992126,12.223935090215292,1.0089629406122342,1.0001508112100799,0.0007071950841474424,1.0,20.750202459045113
1645.7394795783443,12.225706863657049,1.0073177933623048,0.99846542502436,0.0007075270623815018,1.0,20.771036038176817
1645.760313157359,12.224637523297027,1.0083103882401891,0.9993947816021347,0.0007070521144793643,1.0,20.791869617191423
1645.7811467363736,12.224695626108975,1.0082564302888475,0.9992869341929016,0.0007073320436563708,1.0,20.81270319620603
1645.801980315331,12.222570670129741,1.0102316785065404,1.0011902835199595,0.0007062501364862596,1.0,20.833536775163566
1645.82281389423,12.223164819812617,1.0096789985585894,1.000588398642626,0.00070641281448342,1.0,20.85437035406244
1645.8436474730706,12.22303693446618,1.009797932377644,1.0006522498732626,0.0007061550718811193,1.0,20.875203932903105
1645.8644810518526,12.222717897839495,1.0100946986288761,1.0008924466021936,0.0007054346731268604,1.0,20.89603751168511
1645.885314630635,12.222617788645994,1.0101878376686926,1.0009309963095188,0.0007051952911797636,1.0,20.916871090467566
1645.9061482261804,12.223268253260963,1.0095828153368032,1.0002779551782364,0.0007052911801519243,1.0,20.93770468601292
1645.926981804846,12.222563284819858,1.0102385502488125,1.0008741946262596,0.0007047220093343498,1.0,20.95853826467851
1645.9478153834539,12.223782761148792,1.0091045083009496,0.9996974183611146,0.0007044672421811777,1.0,20.979371843286344
1645.9686489619455,12.223016420228216,1.0098170119944891,1.0003501417330964,0.0007036733169754791,1.0,21.00020542177799
1645.9894825404365,12.223470771741306,1.0093945190367313,0.9998786391450682,0.0007032532262199805,1.0,21.021039000268956
1646.010316118869,12.222219557024431,1.0105584272508115,1.0009786889836223,0.0007028843334592787,1.0,21.041872578701486
1646.0311496972445,12.221109664623715,1.0115919974606884,1.0019496671444437,0.0007012137620492169,1.0,21.062706157076946
1646.0519832755604,12.22249893534394,1.0102984268997621,1.000615845568564,0.000701629821733442,1.0,21.083539735392833
1646.0728168538765,12.222457626127442,1.0103368666517154,1.0006014792967788,0.0007011602387664752,1.0,21.104373313708948
1646.0936504320775,12.222704312013036,1.0101073380315975,1.0003218820765016,0.0007009217355443005,1.0,21.12520689191001
1646.1144840102195,12.222296047615588,1.0104872354747805,1.0006459447272888,0.0007006804622409873,1.0,21.146040470051958
1646.1353175883614,12.22222190436067,1.0105562424495282,1.0006622669457792,0.0007003935798554588,1.0,21.166874048193904
1646.1561511663865,12.22243292925293,1.010359848704347,1.0004159387623455,0.0007002708125224975,1.0,21.18770762621898
1646.1769847444125,12.222886688979512,1.0099376791034476,0.9999462337632701,0.0007003435770793119,1.0,21.208541204244966
1646.1978183223796,12.22407155467043,1.0088361336356968,0.9988040970531998,0.0007008310007963559,1.0,21.229374782212062
1646.2186519002885,12.222398052967126,1.0103923042535459,1.0002933696435647,0.0006996426621255175,1.0,21.25020836012095
1646.2394854781396,12.222511102243802,1.0102871054287976,1.0001379495729508,0.0006998179551185683,1.0,21.271041937972086
1646.2603190559325,12.22250984626708,1.0102882741268808,1.0000879788485175,0.0006995536180440901,1.0,21.291875515765014
1646.281152633667,12.223664771997637,1.0092141756893098,0.9989737965295474,0.0006996969575171065,1.0,21.312709093499507
1646.3019862113429,12.223870157334881,1.009023283841819,0.9987340676649686,0.0006993786367469561,1.0,21.333542671175337
1646.3436533665208,12.222152626076436,1.0106207257336923,1.0002139463847013,0.0006976894406658042,1.0,21.375209826353284
1646.3644869440805,12.221733635028002,1.0110108046037822,1.0005495695301716,0.0006971928254570836,1.0,21.396043403912927
1646.3853205215246,12.222077109663712,1.0106910200700654,1.0001828158263057,0.0006970212565806509,1.0,21.416876981357063
1646.40615409891,12.220934096684498,1.0117555892078258,1.00118613054974,0.0006963607143559635,1.0,21.437710558742538
1646.426987676295,12.223649780613544,1.0092281105859504,0.9986351395455023,0.0006973388492483217,1.0,21.458544136127557
1646.4478212536214,12.22241940887906,1.0103724305155584,0.9997176206109885,0.0006964441780734147,1.0,21.479377713453914
1646.4686548308325,12.221952238181,1.0108072672243231,1.0000981671169564,0.000696169715148989,1.0,21.500211290664993
1646.489488408043,12.222987674259457,1.0098437482794462,0.9990953435419675,0.000696894248110992,1.0,21.52104486787539
1646.5103219851944,12.22044734042633,1.0122092802359484,1.0013862137877292,0.0006959252008501328,1.0,21.541878445026896
1646.531155562231,12.22091456276006,1.0117737922804808,1.0009060644714416,0.0006962486161186007,1.0,21.56271202206358
1646.5519891392673,12.221684872878276,1.0110562117358997,1.0001470534036396,0.0006968491300289157,1.0,21.583545599099807
1646.5728227162444,12.220291273925262,1.012354788246287,1.0013825618405228,0.0006963906065489123,1.0,21.604379176076918
1646.5936562931645,12.222078255567173,1.0106899533710643,0.9996869395105499,0.0006976057606602558,1.0,21.62521275299696
1646.6144898700259,12.2216278115291,1.0111093496411556,1.0000530627171405,0.000697603857540115,1.0,21.646046329858336
1646.635323446829,12.2230969991762,1.0097420702427764,0.9986522371201301,0.000698580277865254,1.0,21.666879906661507
1646.656157023573,12.222465706715134,1.0103293472512997,0.9991846831074948,0.0006983383339425788,1.0,21.68771348340556
1646.6769906002605,12.222078567685996,1.0106896628259836,0.9994927701331712,0.0006979688552980008,1.0,21.708547060092997
1646.6978241768895,12.220970044485323,1.0117220913967049,1.000465602084655,0.0006974642897903459,1.0,21.729380636722
1646.7186577534594,12.222943778701502,1.0098845763836057,0.9986006040672357,0.0006981892132663402,1.0,21.750214213291883
1646.7394913299709,12.221901735527217,1.010854285677337,0.9995116491460316,0.0006977738984328617,1.0,21.771047789803333
1646.7603249064255,12.223491686520834,1.0093750750314616,0.9980014212859972,0.0006984112083063225,1.0,21.79188136625794
1646.7811584828796,12.222092738639544,1.010676471460774,0.9992406210600813,0.0006976659422598226,1.0,21.81271494271209
1646.8019920592164,12.221739959484758,1.011004915442618,0.9995179448364473,0.000697409091128751,1.0,21.833548519048918
1646.822825635496,12.221651080340758,1.0110876804172595,0.999552505785245,0.0006970725463128156,1.0,21.854382095328447
1646.8436592117175,12.220748483750496,1.0119285695098703,1.0003366426321223,0.0006967965092801421,1.0,21.875215671549995
1646.8644927878804,12.22211859831354,1.010652399819147,0.9990281364153271,0.000697271706392169,1.0,21.89604924771288
1646.8853263639844,12.222003961201645,1.0107591148650135,0.9990868075893551,0.0006970434325762167,1.0,21.916882823816877
1646.9061599400889,12.22193051869915,1.0108274880013322,0.9991077153931959,0.000696722975631192,1.0,21.937716399921328
1646.9269935160773,12.220022157650176,1.0126057469189562,1.0008187429771414,0.0006960091390721337,1.0,21.95854997590982
1646.9478270920065,12.223355535641536,1.0095016581926648,0.9977044593994846,0.00069696932835066,1.0,21.979383551838964
1646.9686606678788,12.222085793314752,1.0106829366580976,0.9988256954985256,0.000696133332615667,1.0,22.000217127711267
1646.9894942436936,12.220740093691962,1.01193638924794,1.0000182914690425,0.0006955413791893398,1.0,22.021050703526043
1647.0103278194485,12.220874591059983,1.0118110417180965,0.9998484185292497,0.0006956851724105557,1.0,22.04188427928102
1647.0311613951449,12.220899139575987,1.0117881649100424,0.9997799553154266,0.0006949595698540037,1.0,22.062717854977336
1647.0519949707846,12.220925022039518,1.0117640455539516,0.9997104101628459,0.0006949352773079979,1.0,22.083551430617035
1647.072828546365,12.218626455763587,1.0139082774254877,1.0017834318289753,0.0006935044490100404,1.0,22.10438500619739
1647.093662121887,12.222855383921262,1.009966799080781,0.9978437437301643,0.0006952981918053796,1.0,22.125218581719537
1647.1144956973526,12.219736247730989,1.0128724343045408,1.0006691707012925,0.0006935923995617261,1.0,22.146052157185068
1647.1353292727586,12.219288348334539,1.0132903613647433,1.00103685689992,0.0006935357200867426,1.0,22.166885732591027
1647.1561628481065,12.221647744458844,1.011090786949283,0.9988189174383896,0.0006940270830146335,1.0,22.187719307939005
1647.1769964233954,12.219903118409515,1.012716774281642,1.0003802770397248,0.0006934566812427152,1.0,22.208552883227867
1647.1978299986272,12.221240117015082,1.0114704608783656,0.999104451676878,0.0006937000081943622,1.0,22.229386458459658
1647.218663573742,12.219866857803845,1.012750596803777,1.000324329914716,0.0006928862224495041,1.0,22.25022003357458
1647.239497148857,12.218480435589944,1.014044646663416,1.0015579816946039,0.0006923193777998635,1.0,22.2710536086895
1647.2603307239146,12.220192988511904,1.0124464350128706,0.9999351432714455,0.0006925516517396143,1.0,22.29188718374712
1647.281164298855,12.218817767147163,1.0137296381702432,1.0011582699915296,0.0006920110953069455,1.0,22.31272075868742
1647.301997873795,12.221127363738688,1.01157550714098,0.9989868705066616,0.0006926912104988599,1.0,22.33355433362749
1647.3228314486191,12.220010696162932,1.0126164364668029,0.9999709619375632,0.0006918933393631992,1.0,22.3543879084516
1647.3436650233855,12.21996605392865,1.0126580730902905,0.9999683361660383,0.0006918623915318012,1.0,22.375221483217956
1647.364498598151,12.220515806374262,1.0121454528692742,0.9994185625684749,0.0006916781805767245,1.0,22.396055057983403
1647.3853321728006,12.221030102419547,1.011666129130689,0.9989018525970789,0.0006917127711490407,1.0,22.416888632633118
1647.4061657473915,12.22141031339416,1.0113119185757193,0.9985088560400791,0.0006914773446846703,1.0,22.437722207223942
1647.4269993219245,12.219406901400639,1.0131797248027568,1.00030982436834,0.000690587833791196,1.0,22.458555781757013
1647.447832896399,12.220260216317776,1.0123837471842019,0.9994809429372072,0.0006906014595448912,1.0,22.479389356231422
1647.4686664707574,12.21963327435072,1.0129685016954943,1.0000153483653877,0.0006903955258690286,1.0,22.50022293058987
1647.4895000451165,12.220617798147748,1.0120503785217168,0.9990662509883275,0.0006908419376062257,1.0,22.521056504949
1647.510333619416,12.220532903926689,1.0121295143073918,0.9991017965787928,0.0006907008907886503,1.0,22.54189007924856
1647.5311671935995,12.218445818981243,1.0140769780402121,1.0009816797112672,0.0006898336354839045,1.0,22.56272365343193
1647.5520007677255,12.219359846217893,1.0132236363809304,1.0000970228657091,0.0006902283447784502,1.0,22.583557227558003
1647.5728343417936,12.219446891904163,1.0131424074313706,0.9999746578220559,0.0006903148262850555,1.0,22.604390801626096
1647.5936679158604,12.219097094408966,1.013468869577148,1.0002548179296304,0.0006907047555245601,1.0,22.625224375692824
1647.6145014897534,12.220314395321548,1.0123332297803305,0.9990921160101679,0.0006907151031525694,1.0,22.64605794958584
1647.6353350636455,12.218973588101456,1.0135841617787265,1.000284908190281,0.0006904659885852982,1.0,22.666891523477943
1647.6561686374794,12.219759208429764,1.0128510147250382,0.9995197759186204,0.0006903347049471476,1.0,22.68772509731184
1647.6770022111975,12.218996424563445,1.0135628431263122,1.0001807439523465,0.000689903523921356,1.0,22.708558671030005
1647.6978357849162,12.220811190675455,1.0118701270482473,0.9984690975314269,0.0006911263293062947,1.0,22.729392244748624
1647.7186693585186,12.218709011981298,1.0138311857250513,1.0003629678127308,0.0006898900285804222,1.0,22.750225818351055
1647.7395029320614,12.218583369559322,1.0139485140186586,1.000437659035948,0.0006893642579624099,1.0,22.771059391893914
1647.7603365055465,12.219064421547019,1.0134993681702245,0.999953580549569,0.0006896966316147093,1.0,22.79189296537902
1647.7811700789161,12.219093201440817,1.013472503433221,0.9998863011400341,0.0006893776418498641,1.0,22.81272653874862
1647.8020036522844,12.220259736821818,1.0123841942854581,0.9987719939796894,0.0006898327287331038,1.0,22.833560112116857
1647.822837225536,12.220386229394869,1.0122662543828522,0.998615199593535,0.0006895042288120021,1.0,22.85439368536845
1647.8436707987305,12.219568141092559,1.0130292714457225,0.9993275986590218,0.0006892174356883072,1.0,22.875227258562973
1647.8645043718675,12.218885503118985,1.0136663964546082,0.9999158952559654,0.0006889174191561826,1.0,22.89606083169997
1647.8853379449445,12.218269780856417,1.0142414108754572,1.0004430183429263,0.0006884531094587348,1.0,22.91689440477694
1647.906171517906,12.220924606279299,1.0117644329881372,0.9979598878125139,0.0006894160070534454,1.0,22.937727977738405
1647.927005090868,12.219147655802185,1.0134216746833253,0.9995547441745289,0.0006885138045983975,1.0,22.95856155070055
1647.9478386637134,12.220010917784812,1.0126162297702466,0.9987207204186704,0.0006887931864444905,1.0,22.979395123545828
1647.968672236499,12.218421469204706,1.0140997209722333,1.0001443390704072,0.0006879629523016791,1.0,23.000228696331533
1647.9895058091688,12.218840181951787,1.0137087101426678,0.9997193511827572,0.0006879600487803182,1.0,23.021062269001277
1648.0103393818404,12.219337279310983,1.013244696340992,0.9992225432572096,0.0006882575526425684,1.0,23.04189584167284
1648.0311729543935,12.219513058902013,1.0130806663301997,0.9990217342119202,0.00068810522305781,1.0,23.06272941422594
1648.0520065268895,12.21907057680484,1.0134936224539046,0.9993900368876104,0.0006876867902540576,1.0,23.083562986721972
1648.072840099327,12.218132979861055,1.014369211694286,1.0002146276213624,0.0006872628337465302,1.0,23.104396559159568
1648.0936736716485,12.2203199073012,1.0123280904601382,0.9981633944988674,0.0006877807523241542,1.0,23.125230131480976
1648.114507243911,12.218044179264332,1.014452178693646,1.0002192295302392,0.0006867728051352263,1.0,23.146063703743494
1648.1353408161149,12.21888521414394,1.0136666662478886,0.9994063774128051,0.0006870249122524612,1.0,23.16689727594735
1648.1561743882626,12.219018850151196,1.0135419084760322,0.9992451609989412,0.0006871500084085384,1.0,23.187730848095043
1648.1770079602925,12.21803674083142,1.014459128779946,1.0001113371146433,0.0006868106228529903,1.0,23.208564420124958
1648.1978415323215,12.216861184948218,1.0155581058885794,1.0011567659750125,0.0006861678539561225,1.0,23.229397992153963
1648.2186751041781,12.218225829829569,1.0142824685960554,0.9998614028784645,0.0006862456712467816,1.0,23.25023156401062
1648.2395086760334,12.218871971883111,1.0136790295827298,0.9992288927915394,0.0006867185475804549,1.0,23.27106513586591
1648.260342247772,12.217974820300864,1.0145169859633623,1.000017364166927,0.0006861229115392273,1.0,23.29189870760456
1648.2811758194525,12.21714348226177,1.0152940895864333,1.0007459348890513,0.0006858083058457737,1.0,23.312732279285
1648.3020093910754,12.219335311377998,1.013246532882371,0.9986905085211997,0.0006867339745091159,1.0,23.333565850907917
1648.3228429625815,12.218488697552186,1.014036930270918,0.9994324550456124,0.0006862063100328404,1.0,23.354399422413962
1648.3436765340293,12.217625245523712,1.0148436828600516,1.0001906047818852,0.000685481754165041,1.0,23.3752329938618
1648.3645101053617,12.218479138475967,1.014045858129207,0.9993674868192253,0.0006857547961149735,1.0,23.396066565194133
1648.3853436766935,12.217907232913939,1.014580141899418,0.9998573464716367,0.0006854984421653907,1.0,23.41690013652601
1648.4061772479076,12.217399934959564,1.0150543037534503,1.0002880621102306,0.0006849219830302472,1.0,23.437733707740108
1648.427010819006,12.216377990633545,1.016010168838915,1.0011935640433733,0.000684668377207855,1.0,23.458567278838473
1648.4478443900475,12.218226889205903,1.0142814789391619,0.9994538296866508,0.0006852446499682897,1.0,23.479400849879994
1648.4686779610295,12.218754762617413,1.0137884659150074,0.9989319290767932,0.0006853646834891913,1.0,23.500234420861943
1648.4895115319537,12.217311371905339,1.0151371046911495,1.0002248031823535,0.0006846352504414804,1.0,23.52106799178614
1648.5103451027617,12.216765031692834,1.0156480481245846,1.0006923635478138,0.000684741855082785,1.0,23.54190156259415
1648.5311786735115,12.217770103794969,1.0147082920584969,0.9997307431900163,0.0006847628014381689,1.0,23.56273513334395
1648.5520122441435,12.218319195566936,1.014195251131495,0.9991897321764621,0.0006849254457657848,1.0,23.58356870397597
1648.5728458147182,12.21818409910395,1.0143214537166063,0.9992786618917378,0.0006849400462985787,1.0,23.604402274550694
1648.593679385177,12.219364205922714,1.0132195678538947,0.998157891657108,0.0006852497819918934,1.0,23.625235845009456
1648.614512955577,12.21667536368286,1.0157319312074866,1.0005977369104493,0.000684515224897163,1.0,23.646069415409556
1648.6353465259185,12.218371444598011,1.0141464460498,0.9990009001168074,0.0006847290795533221,1.0,23.666902985750994
1648.6561800961445,12.21844304606942,1.0140795679415333,0.9989001894872279,0.0006848548056049884,1.0,23.687736555976926
1648.6770136663122,12.21982788926015,1.012786946447412,0.997592271083428,0.0006859893202957617,1.0,23.70857012614465
1648.697847236363,12.21614904692449,1.0162244323605252,1.0009435633654251,0.0006837578245565447,1.0,23.729403696195504
1648.7186808063557,12.218867504236327,1.013683200733285,0.9984061502606613,0.0006852550415411827,1.0,23.75023726618815
1648.7395143762324,12.216800541319687,1.0156148313143853,1.0002743518151656,0.0006836062027148789,1.0,23.771070836064837
1648.7603479460504,12.216661113988314,1.0157452622216663,1.0003686319784113,0.0006836219940145409,1.0,23.79190440588286
1648.7811815158107,12.216774837645218,1.0156388752229348,1.0002298199143225,0.0006834641277214728,1.0,23.81273797564313
1648.8020150854536,12.217981062843608,1.0145111529190043,0.9990853506702932,0.0006837816907830662,1.0,23.833571545286077
1648.822848654981,12.216036017161677,1.0163302311587543,1.000842993843065,0.0006831153159827411,1.0,23.854405114813517
1648.84368222445,12.21657311501251,1.0158275917643032,1.0003143962874956,0.00068312067232435,1.0,23.87523868428252
1648.8645157938022,12.217052808413298,1.0153788840938818,0.9998390796457144,0.000683433965866589,1.0,23.896072253634657
1648.8853493630963,12.217145004207072,1.0152926663853095,0.999720864171868,0.0006834781783111969,1.0,23.91690582292881
1648.906182932332,12.216594323227866,1.0158077493018118,1.000194854275819,0.0006830317057979534,1.0,23.93773939216453
1648.9270165014514,12.21720097020238,1.0152403328627708,0.9996031258949873,0.0006831221744736346,1.0,23.958572961283835
1648.9478500704554,12.216656788328997,1.0157493090395677,1.000071354191531,0.0006830057181837066,1.0,23.97940653028786
1648.9686836394005,12.217201193925575,1.0152401236657422,0.9995372772965153,0.0006831903929335869,1.0,24.000240099232997
1648.989517208229,12.21520353135552,1.0171097989176443,1.0013453644003731,0.0006822969559654163,1.0,24.02107366806149
1649.0103507769404,12.215855172898278,1.016499529003909,1.0007120444503528,0.0006824797345546854,1.0,24.041907236772886
1649.0311843455952,12.217485802445394,1.0149740294528058,0.9991779188515802,0.0006837027168871655,1.0,24.062740805427666
1649.0520179141904,12.218400912466587,1.014118921565941,0.998303968268463,0.0006836983163694967,1.0,24.083574374022874
1649.0728514826114,12.216428820401365,1.0159626044748387,1.00008683124192,0.000683157706489919,1.0,24.104407942443913
1649.0936850510334,12.217682206223554,1.0147904427729637,0.9989010959491466,0.0006832892778235433,1.0,24.125241510865862
1649.1145186192794,12.21674004155722,1.015671425326567,0.9997365074535287,0.000682761917689148,1.0,24.146075079111824
1649.1353521874676,12.218554114012754,1.0139758355885682,0.9980359368913234,0.000683757674500504,1.0,24.166908647300033
1649.1561857555394,12.218300719296318,1.014212510116946,0.9982374412434966,0.0006834856493097733,1.0,24.187742215371827
1649.1770193235534,12.217284648950843,1.015162090315079,0.9991407262416064,0.0006834701297018194,1.0,24.208575783385868
1649.1978528914506,12.216796955501616,1.0156181855509043,0.9995584120216098,0.0006829777631270843,1.0,24.22940935128304
1649.2186864592304,12.217090755914905,1.015343396266981,0.9992569059020754,0.0006828856712557397,1.0,24.250242919062885
1649.2395200269539,12.215949674434892,1.0164110576177319,1.0002766981587694,0.0006825972733265098,1.0,24.27107648678634
1649.2603535945605,12.216174666917414,1.0162004529118562,1.0000386301887239,0.0006829875675668492,1.0,24.29191005439293
1649.2811871620506,12.216862277712075,1.0155570837575778,0.9993748472254887,0.0006829328649648826,1.0,24.3127436218831
1649.3020207294235,12.216042098592188,1.0163245385012378,1.000099544750612,0.0006825092379450158,1.0,24.333577189255948
1649.3228542967386,12.215817297009298,1.016534990191163,1.0002762429498335,0.0006827794115957199,1.0,24.354410756571042
1649.3436878639375,12.214887088075997,1.0174062838898255,1.0011033221087513,0.0006820890323821008,1.0,24.375244323769948
1649.3645214310775,12.21591750668953,1.0164411718722737,1.0001235658157193,0.0006827285920484923,1.0,24.396077890909964
1649.385354998044,12.218239840379285,1.0142693801836018,0.9979567349074633,0.000683353276578028,1.0,24.416911457876495
1649.4061885649526,12.21560546385233,1.0167333411563135,1.000351231365412,0.0006824431642842088,1.0,24.437745024785045
1649.4270221317424,12.217873437904775,1.0146117225712934,0.9982341638422733,0.0006836020939420967,1.0,24.458578591574906
1649.4686892649765,12.21639048944377,1.015998472770258,0.9995396034961094,0.0006827708421452576,1.0,24.50024572480902
1649.4895228314765,12.216721369481144,1.0156888926055556,0.9992057952694304,0.0006829133313095249,1.0,24.52107929130898
1649.5103563978605,12.217052935988114,1.01537876478611,0.9988716066250461,0.0006829891243733302,1.0,24.541912857692978
1649.5311899641274,12.214579239644417,1.0176947990326117,1.001120969481298,0.000682100057076503,1.0,24.56274642395988
1649.5520235302788,12.216215043680272,1.0161626627731517,0.9995849500350711,0.0006827425892524311,1.0,24.583579990111275
1649.5728570963136,12.214421178900986,1.017842965138848,1.0012090979501136,0.0006822430249584248,1.0,24.604413556146028
1649.5936906622314,12.21635246774859,1.0160340529235858,0.9994011971126551,0.0006829235629717119,1.0,24.62524712206391
1649.6145242280925,12.21505813518849,1.0172460141123887,1.0005648742753073,0.0006823699330949767,1.0,24.64608068792495
1649.6353577937766,12.214924586749824,1.0173711457711907,1.0006596473523772,0.0006822495504457156,1.0,24.666914253609093
1649.6561913594035,12.21632812687672,1.0160568314141742,0.9993387924998193,0.0006827486328121694,1.0,24.687747819235938
1649.6770249249143,12.215093806275528,1.0172125937706202,1.000447517066103,0.0006823745382628641,1.0,24.70858138474682
1649.6978584902504,12.216617909608889,1.0157856822764386,0.9990162816523017,0.0006829737621242987,1.0,24.729414950082855
1649.7186920555287,12.214821857443987,1.0174674111215438,1.0006425002351533,0.0006826293558052437,1.0,24.750248515361136
1649.7395256206896,12.21546932199864,1.016860838645906,1.0000183681347086,0.000682506743545429,1.0,24.771082080522092
1649.7603591857355,12.214803691262102,1.017484435194797,1.0006041695730918,0.0006821650431002744,1.0,24.791915645567997
1649.781192750664,12.215727727878072,1.0166188539430432,0.9997256458642315,0.0006826203348758776,1.0,24.812749210496577
1649.8020263154754,12.214696989915055,1.017584433973757,1.0006479927313625,0.0006822272740742797,1.0,24.833582775307832
1649.8228598801716,12.215976582377749,1.0163858680812332,0.9994423597399122,0.000682630598339981,1.0,24.854416340004036
1649.8436934446936,12.214444011625133,1.0178215604153225,1.0008272051333031,0.0006820976304151121,1.0,24.875249904526072
1649.8645270091565,12.215259832832274,1.0170570574702031,1.0000487140436631,0.0006823646277562122,1.0,24.89608346898899
1649.8853605735026,12.215402373912669,1.0169235417089986,0.9998908219992708,0.0006824026241169484,1.0,24.91691703333504
1649.9061941377327,12.215663717270528,1.0166787914384448,0.9996237086826649,0.0006823326532707451,1.0,24.937750597565127
1649.9270277017886,12.214097185696877,1.0181467437277547,1.0010406754275538,0.0006823135795743182,1.0,24.958584161621047
1649.9478612657854,12.216425629695728,1.0159655901378015,0.9988700041492359,0.0006827876275821486,1.0,24.97941772561785
1649.9686948296076,12.215570021862096,1.01676653120851,0.9996314237546058,0.0006823310187378543,1.0,25.00025128944003
1649.9895283933151,12.215937537866516,1.0164224193197653,0.9992672158798228,0.0006829948602690922,1.0,25.021084853147613
1650.0103619569045,12.215844621938498,1.0165094071839977,0.9993269783062706,0.00068243586451414,1.0,25.041918416736962
1650.0311955203779,12.215550690745257,1.016784634507916,0.9995719292608948,0.0006825002085649311,1.0,25.06275198021035
1650.0520290837355,12.214665206459555,1.0176142228145701,1.0003619690388763,0.0006822969195174982,1.0,25.083585543568006
1650.072862646917,12.217583565282213,1.0148826423619226,0.9976514022828342,0.0006832108182689996,1.0,25.104419106749447
1650.093696210041,12.216243567766213,1.0161359668499095,0.9988582593620321,0.0006826529344371899,1.0,25.125252669873362
1650.1145297729915,12.217083494189211,1.015350187207408,0.9980608121506439,0.0006832919785790328,1.0,25.14608623282402
1650.1353633358244,12.215732791680349,1.0166141125106034,0.9992782957358651,0.0006825139953912505,1.0,25.166919795656895
1650.1561968984824,12.21547515176383,1.0168553787156032,0.9994906622354826,0.0006824369445861286,1.0,25.18775335831492
1650.1770304610825,12.215306224475947,1.0170136012969744,0.9996215335104451,0.000682241778102352,1.0,25.208586920914968
1650.1978640235088,12.215185808826703,1.0171264013895525,0.9997078925086749,0.0006820693001694371,1.0,25.2294204833413
1650.21869758576,12.215061575709734,1.0172427906305144,0.9997979136678997,0.0006820540066180757,1.0,25.250254045592555
1650.2395311479527,12.21470601038382,1.0175759797558435,1.000101146025546,0.0006820258926775266,1.0,25.271087607785148
1650.2603647099709,12.214597078569728,1.0176780781824752,1.000177385855196,0.0006821570117512921,1.0,25.291921169803345
1650.2811982718154,12.214371988759241,1.017889080368043,1.0003607892726845,0.0006821630720517287,1.0,25.31275473164783
1650.3020318336,12.213433324359801,1.018769468599676,1.001202166178737,0.0006816793932913291,1.0,25.333588293432513
1650.3228653952106,12.214142554310012,1.0181042002992013,1.0005246742927953,0.0006822385440365059,1.0,25.35442185504303
1650.3436989566476,12.213697693620828,1.018521435474418,1.0009111402081372,0.0006814204938107387,1.0,25.37525541648006
1650.364532517966,12.215134810069754,1.0171741785569541,0.9995637835710426,0.0006823691092446402,1.0,25.3960889777984
1650.3853660791697,12.215361243555883,1.0169620660026206,0.9993320941437348,0.0006821118904231277,1.0,25.416922539002144
1650.4061996401983,12.213505123015294,1.0187021006153643,1.001018814710414,0.0006815532096633937,1.0,25.43775610003081
1650.4270332010528,12.214461221886012,1.017805426813373,1.0001147172571798,0.000681925557585212,1.0,25.45858966088531
1650.447866761791,12.214045338989033,1.0181953640251389,1.0004750192959353,0.000681823851630788,1.0,25.479423221623392
1650.4687003224117,12.214412752604105,1.0178508645533157,1.0001138053786123,0.0006820786103071479,1.0,25.50025678224415
1650.4895338828585,12.213608621537817,1.0186049967915138,1.00083220921852,0.0006815886077999919,1.0,25.521090342690968
1650.5103674431305,12.214650545102476,1.017627964371827,0.9998497987681196,0.0006819771198794624,1.0,25.541923902962935
1650.5312010032853,12.213924332881001,1.01830884898008,1.0004964875811997,0.0006817292213409751,1.0,25.562757463117805
1650.5520345632672,12.213271111839651,1.01892168744236,1.0010764321056682,0.0006815737059282404,1.0,25.583591023099643
1650.5728681231315,12.21426523984883,1.017989163511231,1.000138226232681,0.0006820206035198378,1.0,25.60442458296393
1650.5937016828211,12.2142405967946,1.0180122691668652,1.0001390519385924,0.0006818744010209546,1.0,25.625258142653593
1650.614535242336,12.212512269032802,1.0196340811672897,1.0017106201564532,0.0006813041513137628,1.0,25.646091702168405
1650.6353688017355,12.21502766534092,1.0172745622678103,0.9993709979800254,0.0006819897494833474,1.0,25.66692526156794
1650.6562023609595,12.212990029307296,1.0191855067410274,1.0012268303654839,0.0006813588304825345,1.0,25.68775882079194
1650.6770359200095,12.213937506947289,1.01829649313634,1.0003321598449826,0.0006819779549344331,1.0,25.708592379842003
1650.6978694788845,12.214516837449866,1.017753292259235,0.99977737099858,0.0006820380796059714,1.0,25.729425938716986
1650.7187030376435,12.2146458875013,1.017632329811011,0.9996375162687652,0.0006819836445325413,1.0,25.75025949747601
1650.739536596169,12.212819512825162,1.0193455839071293,1.0012995505054945,0.0006815446553251851,1.0,25.77109305600152
1650.7603701545775,12.213184998698331,1.0190025045197857,1.0009417672816616,0.0006816208464412575,1.0,25.79192661440993
1650.7812037128128,12.214058197234591,1.0181833057291787,1.000116466685117,0.0006818405675091842,1.0,25.812760172645312
1650.802037270873,12.21190721784411,1.0202024537990904,1.0020792643582859,0.0006808585563650908,1.0,25.83359373070539
1650.8228708288161,12.21399973386305,1.0182381330724317,1.0001294952879565,0.0006817972338127505,1.0,25.854427288648594
1650.8437043865274,12.21348377790539,1.0187221280602858,1.0005846696047314,0.0006815706574631169,1.0,25.87526084635988
1650.8645379440645,12.21353577223171,1.0186733441086502,1.0005166816305449,0.0006814705175934449,1.0,25.896094403896996
1650.885371501483,12.211751867633184,1.0203484376989858,1.002141952881462,0.0006807538360285195,1.0,25.916927961315423
1650.90620505867,12.213403481178524,1.0187974714788686,1.0005988653705626,0.0006814873774187751,1.0,25.937761518502384
1650.9270386156836,12.212573388167268,1.0195766847221746,1.0013444884125249,0.0006817124309237727,1.0,25.958595075516087
1650.9478721725204,12.21271933509189,1.0194396403092971,1.0011903656997594,0.0006814097475752969,1.0,25.979428632352892
1650.968705729242,12.212452951528388,1.0196897888069993,1.0014166421584179,0.0006813295534942363,1.0,26.00026218907442
1650.9895392857306,12.2137276391984,1.0184933441278154,1.000222406318121,0.0006815517096207538,1.0,26.021095745563116
1651.010372842045,12.212620170529014,1.0195327539980412,1.0012240582126681,0.0006811937427290148,1.0,26.041929301877417
1651.031206398126,12.213035378325044,1.0191429383010997,1.0008222778460691,0.0006813004363376614,1.0,26.062762857958433
1651.0520399540897,12.212292935715654,1.0198400817731068,1.0014880508009736,0.0006810153042903046,1.0,26.083596413922123
1651.0728735098219,12.21265525011423,1.0194998139448284,1.001135213659412,0.0006810560774026385,1.0,26.104429969654348
1651.093707065379,12.212630176775937,1.0195233579316412,1.0011397802309785,0.000681441484484197,1.0,26.125263525211494
1651.1145406207606,12.212889702299858,1.019279688509935,1.0008820951789734,0.0006812152432025488,1.0,26.14609708059311
1651.1353741759694,12.212943770803117,1.0192289307340496,1.0008139845991892,0.0006814058911936712,1.0,26.16693063580192
1651.156207730945,12.212905532696231,1.0192648271800975,1.0008311023569316,0.0006812969118204311,1.0,26.187764190777443
1651.1770412856865,12.214423814572879,1.017840494283749,0.9994145634425396,0.0006820758822526493,1.0,26.208597745519
1651.1978748403126,12.212369437969905,1.019768225169025,1.0012895366467263,0.000681299896476824,1.0,26.229431300145052
1651.218708394706,12.213320261967832,1.0188755629806323,1.0003953449006735,0.0006814664657224642,1.0,26.2502648545385
1651.2395419488655,12.212562246388439,1.0195871476285037,1.0010764450007927,0.0006810590045584698,1.0,26.27109840869798
1651.2603755028508,12.212407609566492,1.0197323734613346,1.0012015932792129,0.0006813489578292468,1.0,26.291931962683293
1651.2812090566626,12.212487228366225,1.0196575975715292,1.0011108759866956,0.0006810657906519579,1.0,26.31276551649512
1651.3020426102405,12.212052154722576,1.0200662742285198,1.001494951460013,0.0006813431499905786,1.0,26.333599070072978
1651.3228761635855,12.213267692628941,1.018924896245214,1.0003573442259888,0.0006814546050008621,1.0,26.354432623418006
1651.3437097167566,12.21392085766929,1.0183121083763174,0.9997388632701958,0.0006819042042540001,1.0,26.375266176589093
1651.3645432696935,12.212761007855448,1.0194005128936048,1.000790677708896,0.0006812305503348484,1.0,26.396099729525986
1651.3853768223985,12.21232739781414,1.0198077117817483,1.001173837214349,0.0006812877400671566,1.0,26.416933282230957
1651.4062103749288,12.212738081271016,1.019422038949921,1.0007787512853812,0.0006813878841726165,1.0,26.437766834761305
1651.4270439271686,12.21287470226442,1.0192937705097755,1.0006365099036836,0.0006814009218919715,1.0,26.45860038700107
1651.4478774792335,12.212925505621042,1.019246077218163,1.0005735109047462,0.0006814428240354139,1.0,26.479433939065984
1651.4687110311236,12.213355615819882,1.0188423867917038,1.0001611830001185,0.0006815489030991085,1.0,26.50026749095605
1651.4895445827215,12.21342563116335,1.0187766873157835,1.00008079530907,0.000681527953933509,1.0,26.521101042553937
1651.5103781340886,12.212668019313494,1.0194878238134646,1.0007631168270872,0.0006811918714392004,1.0,26.54193459392104
1651.53121168528,12.21169605167648,1.0204008935237958,1.001643776957135,0.0006807440490846346,1.0,26.562768145112386
1651.5520452361807,12.213258710731793,1.018933325471792,1.00018770812143,0.0006816338865929597,1.0,26.583601696013147
1651.5728787869075,12.213023231244025,1.0191543404087562,1.0003893150314755,0.0006816714872467304,1.0,26.604435246739968
1651.5937123373415,12.214307452229436,1.0179495858398817,0.9991915580143467,0.0006817617774461758,1.0,26.62526879717393
1651.6145458875435,12.21323333398994,1.0189571411187544,1.0001654860934817,0.0006815045393271628,1.0,26.646102347375972
1651.6353794375714,12.2128150761702,1.019349749277928,1.0005359264112341,0.0006814889679397711,1.0,26.666935897403846
1651.6562129873075,12.211884454212734,1.0202238436688758,1.0013790870458044,0.0006810148982756768,1.0,26.68776944714
1651.6770465367526,12.212233733138932,1.0198956927093175,1.0010423405414512,0.0006810425952445447,1.0,26.708602996585114
1651.6978800860234,12.213390699545744,1.0188094651581348,0.9999616903078609,0.0006816917902042516,1.0,26.729436545855833
1651.718713635003,12.212834878870119,1.0193311575675055,1.000459360985923,0.0006815376098171513,1.0,26.750270094835514
1651.7395471837503,12.213050490344315,1.0191287532711877,1.0002464753909355,0.0006815528374321687,1.0,26.77110364358282
1651.7603807322644,12.21429334719313,1.0179628103313076,0.9990880614764586,0.0006818600065011274,1.0,26.79193719209684
1651.7812142804864,12.21272544239418,1.0194339059435151,1.0005179258461274,0.0006812968712847293,1.0,26.81277074031891
1651.8020478284775,12.211847362846148,1.0202586975705923,1.0013135864147709,0.0006810008348516507,1.0,26.83360428830997
1651.8228813761766,12.213224441951192,1.0189654862798023,1.0000307184690647,0.0006814509467569408,1.0,26.854437836009083
1651.8437149235835,12.210870908128825,1.0211766779508389,1.0021872604464153,0.0006805251495414726,1.0,26.87527138341602
1651.8645484708175,12.212470279591082,1.0196735149574998,1.00069864818358,0.0006818060350576092,1.0,26.896104930649926
1651.8853820177019,12.212931838409745,1.0192401322646933,1.000260073394474,0.0006815442375074252,1.0,26.91693847753436
1651.9062155643535,12.210986503406378,1.021067961931827,1.0020407242958522,0.0006806973318246526,1.0,26.93777202418596
1651.9270491107125,12.21206716440593,1.0200521724919491,1.001030874570045,0.0006812724709123968,1.0,26.958605570544933
1651.947882656783,12.213649259255034,1.018566872423012,0.9995604400944931,0.0006820094398372188,1.0,26.979439116615367
1651.968716202561,12.211840943317236,1.0202647299747258,1.001213902030312,0.0006812733574663937,1.0,27.0002726623934
1651.9895497481057,12.211665840044178,1.0204292875345815,1.001362810334083,0.0006809429002723798,1.0,27.021106207938146
1652.0103832933605,12.212359282442742,1.0197777637036143,1.0007110305566191,0.0006815427911414601,1.0,27.04193975319299
1652.0312168383243,12.212589867604471,1.0195612095797175,1.0004862374427068,0.0006815331055560059,1.0,27.0627732981568
1652.052050382938,12.211389323437869,1.0206892047930503,1.0015809666317077,0.0006809997824476062,1.0,27.08360684277045
1652.0728839273188,12.212779302373857,1.0193833362679692,1.0002875373012556,0.0006817219795547573,1.0,27.10444038715127
1652.09371747141,12.212609203155635,1.0195430526809168,1.0004323910012154,0.0006816018144571043,1.0,27.12527393124242
1652.1145510151791,12.211717320181073,1.0203809050694792,1.001242796904457,0.0006814271106002491,1.0,27.146107475011604
1652.1353845586586,12.212821890973101,1.0193433511806766,1.000213112564327,0.000681424950839036,1.0,27.166941018491116
1652.1562181018476,12.213535992960221,1.0186731370139384,0.9995440322219992,0.0006818725832009605,1.0,27.187774561680044
1652.1770516447145,12.212959437114947,1.0192142241755084,1.0000636471604196,0.0006822437589977416,1.0,27.20860810454701
1652.1978851872625,12.213715969681859,1.0185042909754436,0.9993558884811343,0.0006822249932276514,1.0,27.229441647094973
1652.2187187295194,12.212068433502042,1.0200509801733337,1.000862456331187,0.0006814161321331456,1.0,27.250275189351896
1652.2395522714555,12.212566664268703,1.0195829989183907,1.0003923795858913,0.0006815299906913044,1.0,27.271108731287995
1652.260385813101,12.214037018493622,1.0182031669539524,0.9990277734537435,0.0006821186875714246,1.0,27.29194227293351
1652.2812193543975,12.212724955509014,1.0194343630963274,1.000225163449009,0.0006815025783471889,1.0,27.312775814230008
1652.3020528954025,12.211959881910882,1.0201529696731269,1.0009197412306177,0.0006813957072849048,1.0,27.333609355235012
1652.322886436059,12.213271612896175,1.0189212172201827,0.999700874683264,0.0006817529851645785,1.0,27.354442895891452
1652.343719976424,12.213447856828598,1.0187558325650992,0.9995284134912424,0.0006818365791902461,1.0,27.3752764362564
1652.3645535164385,12.21444973747327,1.0178161927428706,0.9985964596391325,0.0006823749182220698,1.0,27.396109976270964
1652.3853870561352,12.21347976976577,1.0187258888154693,0.9994790591149759,0.0006818866944260205,1.0,27.41694351596766
1652.40622059551,12.213459933127087,1.0187445013310035,0.9994875399782808,0.0006818186419372844,1.0,27.437777055342394
1652.4270541345354,12.212985536245615,1.019189724407161,0.9999147016404627,0.0006816286007313891,1.0,27.458610594367883
1652.4478876732414,12.214422351599643,1.0178418657719588,0.9985828396483867,0.0006822584778252034,1.0,27.479444133073912
1652.4687212116278,12.212134339263304,1.0199890634796411,1.0006800339206332,0.0006811974758330891,1.0,27.500277671460253
1652.4895547496644,12.213060349344573,1.01911949914023,0.9998177023145176,0.0006816064037743528,1.0,27.521111209496894
1652.5103882873514,12.212327363482077,1.0198077440290874,1.0004838159808334,0.0006814360508774864,1.0,27.541944747183834
1652.5312218247486,12.214309678472686,1.01794749859156,0.9986498786447063,0.0006821691790268755,1.0,27.5627782845811
1652.552055361766,12.213274040759092,1.0189189387677737,0.9995940920560933,0.0006817932218520468,1.0,27.583611821598424
1652.5728888984636,12.213110766676177,1.019072176325948,0.9997357498665836,0.0006816878087659537,1.0,27.60444535829606
1652.5937224348415,12.21424483221193,1.0180082979458838,0.9986835322406533,0.0006822371691447613,1.0,27.62527889467401
1652.6145559708705,12.214102760472368,1.018141516007691,0.9988058330165237,0.0006821033814779642,1.0,27.646112430702942
1652.6353895065786,12.21382322269791,1.0184036843443698,0.99905477047019,0.0006821428307701098,1.0,27.66694596641105
1652.6562230419665,12.212154478706623,1.0199701437629323,1.0005833424078023,0.0006813091482005421,1.0,27.687779501799014
1652.6770565770066,12.213906096662845,1.018325952820031,0.9989624287059347,0.0006820534949914616,1.0,27.708613036839097
1652.697890111724,12.213929920701997,1.0183036081924022,0.9989326734138118,0.0006820051025321712,1.0,27.729446571556537
1652.7187236461225,12.214502712533836,1.017766532835758,0.9983981217526794,0.0006821632180527985,1.0,27.75028010595497
1652.7395571801726,12.214634981007755,1.0176425522353276,0.9982689469622146,0.0006822632853355875,1.0,27.77111364000507
1652.7603907139605,12.217758759610373,1.0147188941718477,0.9953935548713677,0.0006834378288179723,1.0,27.791947173793005
1652.7812242473974,12.218050672420231,1.0144461118641326,0.995118713842848,0.0006835888875427823,1.0,27.812780707229876
1652.802057780545,12.216023618320062,1.0163418374674158,0.99697119258567,0.0006831521520229017,1.0,27.83361424037753
1652.8228913134305,12.216710631469937,1.0156989378933488,0.9963335596340863,0.0006832685072411776,1.0,27.85444777326302
1652.8437248459954,12.213556780079431,1.0186536340470693,0.9992250530731641,0.0006821963935640155,1.0,27.87528130582791
