time_o,mag,oflux,nflux,enflux,lc_part,time
1384.3887094468614,12.713061063008118,1.000224908264553,0.9994416335398363,0.0008999332747618345,0.0,2.33338519927338
1384.409543213223,12.713257451299327,1.000044003643901,0.9992627340031396,0.0008998482025386755,0.0,2.3542189656350274
1384.43037697912,12.714553790031683,0.9988506915409799,0.9980722135464676,0.0009005018025626563,0.0,2.375052731531923
1384.4512107443175,12.714260629359993,0.9991204285864372,0.9983435984507996,0.0009006040293708291,0.0,2.3958864967294176
1384.4720445090495,12.715255743545507,0.9982051202275243,0.9974308563352101,0.0009009785469666912,0.0,2.416720261461478
1384.5345457990552,12.714218126670207,0.9991595413438842,0.9983900953664923,0.0009009333200241023,0.0,2.4792215514671625
1384.5553795612268,12.712517757340125,1.0007255490727867,0.9999567491484601,0.0008995715214409246,0.0,2.500055313638768
1384.5762133227,12.713863545340924,0.9994859016275914,0.998719901977126,0.0009001605752581375,0.0,2.5208890751118815
1384.597047083707,12.714236493432864,0.9991426392908326,0.9983787481975744,0.0009005943368883076,0.0,2.541722836118879
1384.6178808440159,12.71315516291645,1.00013822330997,0.9993754165603582,0.0009004045073317908,0.0,2.5625565964278394
1384.6387146036254,12.712167150333684,1.0010487565368495,1.0002871007068161,0.0008992932299365175,0.0,2.5833903560373983
1384.6595483627693,12.714294960303636,0.9990888369302984,0.9983305122858405,0.0009011629411427797,0.0,2.604224115181296
1384.680382121216,12.712095565309532,1.0011147601033767,1.0003567396368211,0.0008991407592139151,0.0,2.625057873628066
1384.7012158791958,12.715448554904501,0.9980278688874649,0.9972740201449036,0.0009013541177734367,0.0,2.6458916316078103
1384.722049636478,12.711571926343748,1.0015977035008055,1.0008429974786996,0.0008999429266823828,0.0,2.6667253888899722
1384.742883393295,12.714460682751689,0.9989363516288863,0.9981854834018598,0.0009006768591211251,0.0,2.6875591457069277
1384.805384659551,12.71459631439072,0.9988115709392617,0.9980662823666023,0.0009008784167242864,0.0,2.750060411962977
1384.826218414038,12.713196771548926,1.0000998957805085,0.9993554732542631,0.000899730683880909,0.0,2.7708941664500344
1384.847052167595,12.713230674548615,1.0000686673320747,0.9993260935481136,0.0008999485502297973,0.0,2.791727920006906
1384.8678859206855,12.714825478795442,0.9986007758088603,0.9978611129803449,0.0009009870736164855,0.0,2.8125616730974343
1384.8887196733099,12.711071606939845,1.0020593573003913,1.0013189582109463,0.0008992655168337929,0.0,2.8333954257218466
1384.909553425237,12.71283022462069,1.000437588702408,0.9997002086456611,0.0009002601001304614,0.0,2.8542291776489037
1384.9512209272289,12.713524834291198,0.9997977542937101,0.999064479568475,0.0009002065160193557,0.0,2.8958966796408276
1384.9720546772928,12.715701935779036,0.9977949838941569,0.9970649885695978,0.0009013409270871287,0.0,2.916730429704785
1384.9928884268907,12.711328531613216,1.0018222616662176,1.0010911359697396,0.0008990736174118937,0.0,2.937564179302626
1385.01372217579,12.712763148688303,1.00049939686231,0.9997710483988579,0.0008994888938464809,0.0,2.9583979282019754
1385.8470716631,12.711384533555755,1.001770589311922,1.0011123944642302,0.000899695383333475,0.0,3.7917474155119635
1385.972074008885,12.713719046488894,0.9996189304202349,0.9989725387259704,0.0009007741820005506,0.0,3.916749761297069
1385.9929077312431,12.713902279228083,0.9994502453757301,0.9988056877136654,0.0009007191433481127,0.0,3.9375834836550894
1386.0137414529022,12.713024585187068,1.000258513700179,0.9996151593154795,0.0009004133395768424,0.0,3.958417205314163
1386.034575174328,12.712761817356737,1.00050062367711,0.9998588367170851,0.000899916905193443,0.0,3.979250926739951
1386.0554088950548,12.71149968830474,1.0016643457115793,1.0010235356027082,0.0008990294263720473,0.0,4.000084647466792
1386.076242615317,12.711187820632023,1.0019521058473875,1.001312833666821,0.0008988166196126657,0.0,4.020918367728882
1386.09707633488,12.711093676018685,1.0020389892753507,1.0014013820188385,0.0008994642950989518,0.0,4.041752087292025
1386.117910053977,12.711056358190417,1.0020734309393535,1.0014375203715036,0.0008996532845809241,0.0,4.062585806389052
1386.1387437726098,12.712235276018939,1.0009859466271236,1.0003524410993352,0.0008995750363876792,0.0,4.083419525021782
1386.159577490544,12.711731805981676,1.0014502245019938,1.000818139053094,0.0008992747345645095,0.0,4.10425324295602
1386.180411208013,12.712435217364972,1.0008016292489683,1.0001716641651117,0.0009002562161908224,0.0,4.125086960425051
1386.2012449250146,12.71239860413323,1.0008353788832312,1.0002071017933856,0.0008996095943125233,0.0,4.145920677426602
1386.2220786413175,12.711373899661178,1.0017804008802917,1.0011532395898664,0.0008989522775872545,0.0,4.166754393729434
1386.2429123573888,12.71171945178558,1.0014616197035078,1.000836364668764,0.0008995639961354476,0.0,4.187588109800799
1386.2637460725282,12.712411258280701,1.0008237143144154,1.0002005613369713,0.0008998415965363932,0.0,4.20842182494016
1386.2845797874352,12.711812607166621,1.0013756987069398,1.0007539049556677,0.000899313975331472,0.0,4.229255539847145
1386.3054135016441,12.711601665365066,1.0015702694635211,1.0009500563280733,0.0008993222959522417,0.0,4.250089254056093
1386.3262472153856,12.711609044111391,1.0015634627384613,1.0009449534267874,0.0008989946458998739,0.0,4.27092296779756
1386.347080928429,12.712477021579188,1.0007630960213902,1.0001467774110602,0.0008998777985643104,0.0,4.29175668084099
1386.3679146412405,12.71070271241024,1.0023998792599733,1.001784250039612,0.0008993099798721448,0.0,4.312590393652499
1386.388748353353,12.710772022265619,1.0023358913660088,1.001721996922897,0.0008988359452188692,0.0,4.3334241057650615
1386.4095820647685,12.713452804565922,0.9998640849052518,0.9992533938425424,0.0009004700825971435,0.0,4.354257817180496
1386.43041577595,12.71145562980814,1.0017049934494069,1.0010948687940466,0.0008990585132704476,0.0,4.375091528361963
1386.4512494864325,12.711700043966495,1.0014795212523049,1.0008712225227903,0.0008994771626736029,0.0,4.395925238844484
1386.47208319645,12.71242157298746,1.0008142063381238,1.0002079973820637,0.0008994304667630154,0.0,4.416758948862025
1386.492916905769,12.71219244873474,1.0010254316833844,1.000420778990341,0.0008998374119437337,0.0,4.4375926581810745
1386.5137506148549,12.713058636370075,1.0002271437859571,0.999624654337934,0.0009006977400588527,0.0,4.4584263672668385
1386.534584323243,12.711380338761481,1.001774459708461,1.0011727200709601,0.0008992128392659015,0.0,4.47926007565502
1386.555418030931,12.711892993861849,1.0013015607138818,1.0007017843688961,0.0008992435409935584,0.0,4.500093783342891
1386.5762517383869,12.711764774209609,1.0014198160677334,1.0008216465088933,0.0008992992529543232,0.0,4.52092749079884
1386.5970854451448,12.711663983739692,1.0015127836398316,1.0009162345135951,0.0008995346965507175,0.0,4.5417611975567524
1386.6179191514375,12.71170072537233,1.0014788927259899,1.0008840378819646,0.0008996866076519608,0.0,4.562594903849458
1386.6387528570322,12.71141919040112,1.0017386131706154,1.0011452767753093,0.0008991543795920582,0.0,4.583428609444127
1386.659586562393,12.711386165951605,1.001769083158847,1.0011773996705782,0.0008992695630258492,0.0,4.604262314805055
1386.6804202670546,12.712748879606846,1.0005125458216435,0.9999232715409432,0.0008995597118613912,0.0,4.625096019466582
1386.70125397125,12.713475434824247,0.9998432447171631,0.9992560287598986,0.0009005168868307867,0.0,4.645929723661993
1386.7220876747479,12.711960289856048,1.0012395000627892,1.0006531287090819,0.000899250358592963,0.0,4.666763427159822
1386.7429213780142,12.712473454920177,1.0007663835479197,1.0001819513106116,0.0009001576417362814,0.0,4.687597130426184
1386.7637550805812,12.711881471416396,1.0013121871476203,1.0007290973015825,0.0008997624736559426,0.0,4.708430832993145
1386.7845887824496,12.712194600950847,1.0010234473883843,1.00044218452454,0.0008995315354001912,0.0,4.729264534861613
1386.8054224840855,12.710962998216191,1.002159600647629,1.0015793369660206,0.0008989894482161819,0.0,4.750098236497479
1386.8262561850215,12.712048618428106,1.001158048916865,1.0005800205879236,0.0009004418753623016,0.0,4.770931937433488
1386.847089885493,12.71168453500696,1.0014938267679843,1.000917258758117,0.0008995617348130576,0.0,4.791765637904973
1386.8679235854988,12.712115403060334,1.0010964686587172,1.0005217811266633,0.0008998720651361699,0.0,4.812599337910797
1386.888757285039,12.711932282880174,1.001265327747338,1.0006921934624189,0.0008996668129844958,0.0,4.833433037450959
1386.9095909838795,12.7109603602696,1.0021620355362335,1.0015900378129627,0.0008990246491147086,0.0,4.854266736291493
1386.9304246822549,12.712930636696843,1.0003450695713236,0.9997757539507167,0.0009001285154394484,0.0,4.87510043466682
1386.951258380166,12.71271277225054,1.0005458195243457,0.9999780332167719,0.0009000877565912044,0.0,4.895934132578077
1386.972092077378,12.71240905102501,1.000825748948682,1.0002594459998384,0.0008996901013979162,0.0,4.916767829789933
1386.992925774357,12.712555500451057,1.0006907617655647,1.0001261753767725,0.0009003531203807623,0.0,4.937601526768958
1387.0137594706375,12.711744355225461,1.001438649526118,1.0008752807743053,0.0008998794920781278,0.0,4.9584352230494915
1387.0345931664515,12.711339464747548,1.001812173578367,1.001250233088158,0.0008997384954031643,0.0,4.979268918863454
1387.0554268617998,12.712906959325693,1.0003668849990952,0.9998073894227254,0.0009012784988376148,0.0,5.000102614211755
1387.076260556451,12.713906727881689,0.9994461502752716,0.9988888005606424,0.0009005047914289333,0.0,5.020936308862929
1387.0970942506365,12.712620807600455,1.0006305719189343,1.0000741927266963,0.0009000706624643337,0.0,5.041770003048441
1387.1179279443559,12.712682411325883,1.0005737986235457,1.0000190801205637,0.0009001049363009215,0.0,5.062603696767837
1387.13876163761,12.712660191135043,1.0005942761282671,1.000041173616463,0.0009002666101868441,0.0,5.083437390022027
1387.159595330397,12.71124027520219,1.0019037002611564,1.0013515015937577,0.0008994816903633176,0.0,5.104271082808964
1387.180429022486,12.712453621308336,1.0007846651463432,1.0002347072651079,0.0009002827798059671,0.0,5.1251047748978635
1387.2012627141098,12.712790909603505,1.000473815672594,0.9999256503266455,0.0009002620980580458,0.0,5.145938466521784
1387.2220964052685,12.712742977748736,1.000517984434731,0.9999714148642246,0.0009002063793540729,0.0,5.166772157680498
1387.242930095962,12.712170538046362,1.001045633070708,1.000500394270904,0.0008998950253480633,0.0,5.187605848374005
1387.2637637859561,12.711623491515379,1.0015501354720124,1.0010062399063178,0.0008996226321639073,0.0,5.208439538368111
1387.2845974754835,12.712634737889545,1.0006177336404862,1.0000759591225936,0.0009004347633372654,0.0,5.229273227895419
1387.3054311645456,12.715381452870906,0.9980895521663393,0.9975507553241806,0.0009017660963355808,0.0,5.25010691695752
1387.3262648531431,12.712630386551037,1.0006217438551046,1.0000831911519164,0.0009003580305959078,0.0,5.270940605555097
1387.3470985412746,12.714182754244908,0.9991920937003481,0.9986559174374411,0.0009011949956338228,0.0,5.291774293686558
1387.367932228708,12.71301869783965,1.0002639375640212,0.999728793029035,0.0009005390417216457,0.0,5.312607981119982
1387.3887659159082,12.712185234694214,1.0010320828957069,1.0004981337121537,0.0009004455436065163,0.0,5.33344166832012
1387.409599602409,12.713173310272879,1.0001215068064069,0.9995896463630136,0.0009006733649314319,0.0,5.354275354820857
1387.430433288212,12.712405769469715,1.0008287738731363,1.0002981396699966,0.000900099186311276,0.0,5.375109040624011
1387.451266973782,12.712311833924362,1.0009153671573083,1.0003862877314944,0.0008999788705847492,0.0,5.39594272619388
1387.472100658887,12.710927014112482,1.002192815357098,1.0016646615951084,0.000899682863644791,0.0,5.416776411298997
1387.492934343294,12.71300430987003,1.0002771929592464,0.9997516447731088,0.0009007092847211402,0.0,5.437610095706077
1387.5137680272335,12.713954071619588,0.9994025701821106,0.9988790743665809,0.0009008563186651754,0.0,5.4584437796454495
1387.5346017107076,12.711261513248832,1.0018841022507834,1.00136090156988,0.0008993627107303115,0.0,5.479277463119615
1387.555435393484,12.714413823027023,0.9989794660542398,0.9984593707732375,0.0009017858070789685,0.0,5.500111145895971
1387.576269076028,12.71461500515,0.9987943767203823,0.9982759642494544,0.0009016233787219361,0.0,5.520944828439951
1387.5971027578735,12.711991023889187,1.0012111582866647,1.0006930798874423,0.0009002535129622549,0.0,5.5417785102854396
1387.6179364392528,12.71436597750389,0.9990234894073288,0.9985081262152804,0.0009009471734343856,0.0,5.562612191664812
1387.6387701201656,12.713273277674107,1.0000294264788614,0.9995151273350104,0.0009005042502106894,0.0,5.583445872577613
1387.6596038006128,12.713791707853678,0.9995520345711033,0.9990395613548215,0.00090087352109195,0.0,5.604279553024753
1387.680437480362,12.71257429746543,1.0006734372665516,1.0001619694777653,0.0009000455596114838,0.0,5.625113232773856
1387.7012711598795,12.713711548857304,0.9996258333864584,0.9991164779623188,0.0009007640552468956,0.0,5.6459469122914925
1387.7221048386991,12.712049305816464,1.001157415075822,1.0006488567532779,0.0008999869905312076,0.0,5.666780591111092
1387.7846058721257,12.71289867554432,1.000374517472014,0.999871074809224,0.0009007330770472366,0.0,5.729281624537634
1387.8054395490822,12.712548805414027,1.0006969324010577,1.0001948970217818,0.0009003150775550283,0.0,5.750115301494134
1387.8262732253388,12.712229810820617,1.000990985236374,1.0004903705239543,0.0008999092330158606,0.0,5.770948977750777
1387.8471069011298,12.714807649115045,0.9986171747083281,0.9981193098458528,0.0009015037226744396,0.0,5.791782653541759
1387.867940576456,12.712578842026122,1.000669248761433,1.000171924889911,0.0009004431993809725,0.0,5.812616328867989
1387.8887742513161,12.711873201623511,1.0013198139320092,1.0008237300003304,0.0008998661250133157,0.0,5.833450003728103
1387.9096079257101,12.712400460991354,1.0008336672264708,1.000339384840376,0.0009002295312179518,0.0,5.854283678122101
1387.930441599406,12.710835272197928,1.0022775016481291,1.0017840673251457,0.0008994228867032919,0.0,5.875117351818062
1387.951275272636,12.713109474887855,1.0001803102413747,0.9996894644461428,0.0009004110688635057,0.0,5.895951025047907
1387.972108945401,12.712224935979592,1.0009954795903924,1.0005057892535345,0.0009001380876250889,0.0,5.916784697813
1387.9929426176996,12.712985833294173,1.0002942153764887,0.9998064207081113,0.0009003277123847501,0.0,5.937618370111522
1388.0137762895329,12.712677935494138,1.0005779233908512,1.0000915416081608,0.00090031806655627,0.0,5.958452041944838
1388.0346099609,12.711610994807872,1.0015616632732143,1.0010763542414993,0.0008997833694965469,0.0,5.979285713312038
1388.055443631569,12.711478839511036,1.0016835803044015,1.001199761520216,0.0008995657970902976,0.0,6.000119383980973
1388.0762773017736,12.712738438196704,1.0005221676911464,1.0000404555903466,0.0009010277543691391,0.0,6.020953054185611
1388.097110971512,12.711681057529734,1.0014970344325498,1.0010163983788591,0.0008996803056600654,0.0,6.041786723923906
1388.117944640783,12.711099107466904,1.0020339765390642,1.0015546272185702,0.0008995257076699673,0.0,6.062620393194948
1388.1387783095888,12.712041680731307,1.0011644461919604,1.0006870541021962,0.000900305913811796,0.0,6.083454062000783
1388.1596119779306,12.71213826576618,1.0010753884616945,1.0005995781560229,0.0009000172054593496,0.0,6.1042877303425485
1388.180445645573,12.713568855084265,0.9997572186666885,0.9992835703667517,0.000901360575677275,0.0,6.125121397984913
1388.222112979694,12.71382987955926,0.999516893498061,0.9990464238485178,0.0009019245210094566,0.0,6.1667887321059425
1388.242946645939,12.712240357145724,1.0009812621332455,1.0005116351322902,0.0009003775199632298,0.0,6.187622398350868
1388.263780311719,12.712762276862218,1.0005002002451373,1.000032328316857,0.0009005564886058917,0.0,6.208456064131042
1388.2846139767998,12.712549415448745,1.000696370146897,1.0002299343442247,0.0009002827075680284,0.0,6.229289729211814
1388.3054476416478,12.71294393721614,1.0003328151882147,0.9998680743380515,0.0009007090809259836,0.0,6.250123394059756
1388.3262813057986,12.71204854521709,1.0011581164247916,1.000694517091962,0.0009001253115190209,0.0,6.27095705821057
1388.3471149694828,12.712748532863309,1.0005128653479824,1.0000510869532275,0.0009004906498066634,0.0,6.291790721894813
1388.367948632934,12.710977661285673,1.0021460663871289,1.001685057017946,0.000899674208003698,0.0,6.312624385345998
1388.388782295453,12.71326094201552,1.000040788439167,0.9995822653501207,0.0009009928114098756,0.0,6.333458047864951
1388.4096159577416,12.713515054454426,0.9998067600750727,0.9993498599288496,0.0009008784681535948,0.0,6.354291710153575
1388.4304496195632,12.711997805358429,1.001204904777351,1.0007488816411587,0.0009000023739602139,0.0,6.375125371975173
1388.4512832806859,12.713449340391406,0.9998672750993265,0.9994133733289254,0.0009012022210535741,0.0,6.395959033097824
1388.472116941576,12.712615440669136,1.0006355181745743,1.000182779110369,0.0009015578770503958,0.0,6.4167926939878726
1388.4929506017675,12.71219969594083,1.0010187499375234,1.0005673477047758,0.0009003017350952902,0.0,6.437626354179429
1388.513784261494,12.71298385553309,1.0002960374993608,0.999846468491826,0.0009007508546064828,0.0,6.458460013906006
1388.534617920755,12.713045789602154,1.0002389788541344,0.999790940916444,0.0009001598177459545,0.0,6.4792936731669215
1388.5554515795488,12.71294069894467,1.0003357987435495,0.9998892211968078,0.0009002991223321017,0.0,6.500127331960812
1388.5762852376465,12.71186160069679,1.001330512939552,1.0008849947661527,0.0008997136347218514,0.0,6.520960990058484
1388.5971188955095,12.713380604440722,0.9999305768506552,0.9994871810737451,0.0009009141745754411,0.0,6.541794647921506
1388.617952552674,12.712515844819588,1.0007273118489024,1.0002850616890282,0.0009000900008889417,0.0,6.562628305086037
1388.6387862096067,12.713003529915529,1.0002779115232736,0.9998373563919613,0.0009007262991130444,0.0,6.583461962018646
1388.6596198658408,12.712572171067396,1.000675397072355,1.0002361620831781,0.0009010981633943408,0.0,6.604295618252763
1388.6804535216088,12.712963460306998,1.0003148279342493,0.9998772440699286,0.0009006470908989061,0.0,6.625129274020765
1388.7012871766779,12.714596001470305,0.9988118588071391,0.9983764212158641,0.0009012585849380808,0.0,6.645962929089819
1388.722120831515,12.71319096304488,1.0001052461591773,0.9996707336298863,0.000900389462542066,0.0,6.666796583926953
1388.7429544858855,12.712167264420138,1.001048651349147,1.0006152174543013,0.0009002283051084046,0.0,6.6876302382975155
1388.763788139558,12.711963921947717,1.0012361506418632,1.0008041225414883,0.0009017301293967075,0.0,6.708463891970041
1388.7846217927654,12.713412310566206,0.9999013768835777,0.9994714079153915,0.0009007790654299558,0.0,6.72929754517736
1388.805455445507,12.71205415151923,1.0011529468630014,1.000723922932887,0.0009000974745430129,0.0,6.750131197919018
1388.826289097783,12.713136626962473,1.0001552980600277,0.9997281815899065,0.0009005818289784009,0.0,6.770964850195014
1388.847122749592,12.713180973379693,1.0001144479915183,0.9996888270320566,0.0009008819139241963,0.0,6.791798502003985
1388.867956400936,12.712654917171381,1.000599136526812,1.0001747862668007,0.0009006025559961764,0.0,6.812632153347977
1388.8887900613609,12.712755035330124,1.0005068733011162,1.0000840371911557,0.0009005856227274469,0.0,6.833465813772818
1388.9096237117742,12.71296205207959,1.0003161253688058,0.9998948428007487,0.0009005298350731609,0.0,6.85429946418617
1388.9304573614886,12.71460081369188,0.998807431863187,0.9983882535773726,0.0009017612198990327,0.0,6.875133113900574
1388.9512910107378,12.71042509175047,1.002656223753564,1.0022369029522173,0.000899190546977132,0.0,6.895966763149772
1388.9721246597535,12.713776161275247,0.9995663471870867,0.9991497849943636,0.0009013740977793321,0.0,6.916800412165458
1388.9929583078374,12.713180516507624,1.0001148688344934,0.9996995434337205,0.0009008852137632279,0.0,6.937634060249366
1389.01379195569,12.711811604028927,1.0013766239023685,1.0009622399420468,0.0008997273576904829,0.0,6.9584677081020345
1389.0346256030762,12.71325545755853,1.0000458400295273,0.9996334684266753,0.0009007090759882014,0.0,6.979301355488133
1389.055459249997,12.712803192062267,1.0004624978139607,1.000051414857808,0.0009009369877595259,0.0,7.000135002409024
1389.076292896218,12.711336773520575,1.0018146567849435,1.0014044788518752,0.0008994093512634737,0.0,7.02096864863006
1389.0971265419748,12.712603608432353,1.0006464230526173,1.0002381805348801,0.000900194613115804,0.0,7.041802294386798
1389.1179601874978,12.710660152913668,1.0024391728473026,1.0020316568197956,0.0008992425664250327,0.0,7.062635939909796
1389.159627476683,12.71343717199167,0.9998784811849429,0.9994749090468916,0.0009008620812543736,0.0,7.104303229094967
1389.1804611203438,12.71128000100521,1.0018670424609162,1.0014641193143357,0.000899473599159126,0.0,7.125136872755775
1389.2012947637718,12.71258159375262,1.0006667126347144,1.0002657202924001,0.0009005678169505629,0.0,7.145970516183752
1389.222128406734,12.712136462599494,1.00107705102695,1.000677341096759,0.0009001763216580266,0.0,7.166804159146068
1389.242962048998,12.712027292054026,1.0011777141731808,1.0007794092268971,0.0009007439795828875,0.0,7.187637801409892
1389.2637956907965,12.711987964653384,1.0012139793635748,1.0008171034047788,0.000900223664815534,0.0,7.208471443208509
1389.2846293323628,12.712558255372366,1.000688222639767,1.0002929959323394,0.0009002888829183415,0.0,7.229305084774751
1389.3054629732292,12.71541069452436,0.9980626714234364,0.9976699169457983,0.000902583063636265,0.0,7.250138725641136
1389.3262966136303,12.712869366771084,1.0004015223241087,1.0000092842755974,0.0009004074404564779,0.0,7.270972366042315
1389.3471302535659,12.711683933671603,1.0014943814458253,1.0011031514698994,0.0008997443022195112,0.0,7.291806005977833
1389.367963892803,12.711865455534038,1.0013269577856474,1.0009372277202275,0.0009005384446501037,0.0,7.312639645214858
1389.3887975318075,12.713830232148073,0.9995165689087042,0.9991289735738396,0.00090111592219991,0.0,7.333473284219508
1389.430464808187,12.712449383987913,1.0007885709326272,1.0004033407425676,0.0009003968686123034,0.0,7.375140560598993
1389.451298445561,12.710294893995055,1.0027764660524725,1.0023918999847905,0.0008995628312186434,0.0,7.395974197972919
1389.4721320824697,12.712692094637926,1.0005648748858382,1.0001825813171892,0.0009008464305195973,0.0,7.416807834881638
1389.4929657189118,12.712885779170188,1.000386399990636,1.00000559689758,0.0009014244462511239,0.0,7.437641471323786
1389.5137993548906,12.71330903044214,0.9999964965357672,0.9996172617798701,0.000901418984252788,0.0,7.458475107302547
1389.534632990403,12.712927633253093,1.0003478368036285,0.9999698874112108,0.0009010056323752752,0.0,7.479308742814965
1389.5554666254488,12.713065116069242,1.0002211744246872,0.9998446895000179,0.0009007181956465736,0.0,7.500142377860811
1389.576300259796,12.713118592641521,1.0001719110009697,0.9997968593495065,0.0009007714307628352,0.0,7.520976012207939
1389.5971338939112,12.713145918033334,1.0001467393751984,0.9997731100453177,0.0009010446014580055,0.0,7.541809646323145
1389.6179675273274,12.712719031912158,1.0005400510327163,1.0001676863968116,0.0009004376452102804,0.0,7.5626432797394045
1389.638801160279,12.71240266610451,1.0008316345510977,1.0004605716214707,0.0009005908328120199,0.0,7.583476912690912
1389.6596347927639,12.711149945285026,1.001987059039004,1.0016169777659352,0.0008998280788699803,0.0,7.604310545175849
1389.6804684247832,12.7130756207497,1.0002114971633493,0.9998434774138123,0.0009007548777707023,0.0,7.625144177195125
1389.7013020563359,12.713951391857039,0.9994050368631248,0.9990387166242024,0.0009017049442422153,0.0,7.64597780874783
1389.7221356874238,12.715013403169724,0.9984279482054321,0.9980633857063249,0.0009025485642439132,0.0,7.666811439835783
1389.742969318047,12.712137737970238,1.0010758751026057,1.0007117472459373,0.0009002188830531718,0.0,7.687645070458984
1389.7638029479715,12.711399715647005,1.0017565814285185,1.001393606609021,0.0008997555614684528,0.0,7.708478700383466
1389.784636577663,12.711856779519096,1.0013349593262817,1.0009735355075466,0.0009005977550452004,0.0,7.72931233007489
1389.8054702066556,12.713425404719311,0.9998893179850061,0.99952981035924,0.0009010657801696081,0.0,7.750145959067595
1389.826303835181,12.711621004659715,1.0015524295039027,1.0011937188153546,0.0009003486796200001,0.0,7.770979587593047
1389.8471374632436,12.713403031282144,0.9999099226136703,0.9995531910017474,0.0009021693807425338,0.0,7.791813215655566
1389.867971090839,12.71604096992885,0.9974834590863364,0.9971289787710857,0.0009023015140411912,0.0,7.812646843251059
1389.8888047179694,12.71476649191679,0.9986550301872817,0.9983015189655393,0.0009023445530702153,0.0,7.833480470381346
1389.9096383446345,12.71304713571179,1.000237738745822,0.9998850530885399,0.0009009039976081679,0.0,7.8543140970464265
1389.9304719705995,12.716139615102925,0.9973928362820038,0.9970425338166673,0.0009029228042405148,0.0,7.875147723011423
1389.9513055963325,12.713246520721835,1.0000540715714998,0.9997042163761549,0.0009011058068069731,0.0,7.895981348744499
1389.9929728461689,12.715356833062508,0.9981121847837597,0.9977657620257483,0.0009020721582267924,0.0,7.937648598580836
1390.0138064702724,12.711524429541061,1.0016415205245577,1.001295251503896,0.0009002697166922547,0.0,7.958482222684324
1390.055473717081,12.712195054465042,1.0010230292589668,1.0006797242907495,0.000900722842354322,0.0,8.000149469492953
1390.076307339788,12.715566934591159,0.9979190581236103,0.9975781858178201,0.0009033556834505662,0.0,8.020983092199913
1390.0971409620279,12.71411826883044,0.9992514407401769,0.9989114814734409,0.0009017983497982511,0.0,8.041816714439847
1390.1179745835707,12.714549730941949,0.9988544258110077,0.9985159674188789,0.0009018391520687443,0.0,8.062650335982653
1390.1388082048802,12.713406025204561,0.9999071653614116,0.9995697156840047,0.0009023117463117694,0.0,8.083483957292174
1390.1596418254906,12.71612970007126,0.9974019445964041,0.9970667005866195,0.0009030362458141249,0.0,8.10431757790252
1390.180475445868,12.714622502585408,0.9987874796762948,0.9984531302467905,0.0009019193027781007,0.0,8.125151198280037
1390.2013090655469,12.71557307136781,0.9979134177212341,0.997580718172109,0.0009021525845504656,0.0,8.145984817958833
1390.2221426847614,12.716185148512919,0.9973510086774207,0.9970198513436944,0.0009027790992662757,0.0,8.166818437173333
1390.2846435396095,12.71129597024708,1.0018523068931116,1.001523726542712,0.0009000566754979252,0.0,8.2293192920215
1390.3054771569605,12.713150384219272,1.0001426252707795,0.9998159569014636,0.0009012354853874558,0.0,8.250152909372446
1390.326310773613,12.711763196145208,1.001421271583451,1.001095536744777,0.0009002160752827415,0.0,8.270986526024899
1390.347144390033,12.712107847602649,1.0011034351467945,1.0007791526126353,0.0009007140251571626,0.0,8.291820142444976
1390.3679780057546,12.712932932838198,1.0003429540194562,1.0000202639074194,0.0009009417057041601,0.0,8.312653758166562
1390.388811621011,12.713600935490664,0.9997276791303701,0.9994065309366132,0.000901533878803052,0.0,8.33348737342294
1390.4096452360332,12.711734358116773,1.0014478704925651,1.0011275136516506,0.0009005645314742959,0.0,8.354320988445124
1390.4304788503568,12.712003468827957,1.0011996822576854,1.0008807466024683,0.0009007392235595234,0.0,8.375154602768816
1390.4513124642165,12.713430777222115,0.999884370286984,0.9995671918457086,0.0009013824691688648,0.0,8.395988216628439
1390.4721460773771,12.713676018465108,0.9996585463777936,0.9993427756737714,0.0009016481559375832,0.0,8.416821829789114
1390.4929796903039,12.71114402702253,1.0019925208063927,1.0016773502556657,0.0009000030743065106,0.0,8.437655442715823
1390.5138133027665,12.713598772314494,0.9997296709486747,0.9994165447366957,0.000901430083203232,0.0,8.458489055178461
1390.534646914529,12.712910320776505,1.0003637878573979,1.0000517946383454,0.0009012799588088109,0.0,8.479322666941016
1390.555480526059,12.713336599814983,0.9999711046163359,0.9996605631371877,0.0009011538443065973,0.0,8.500156278470968
1390.5763141368911,12.711298274898148,1.0018501803014705,1.0015403852263038,0.0009006105371230246,0.0,8.52098988930311
1390.5971477472576,12.712529154754323,1.000715044105129,1.0004069266710534,0.0009010743135323287,0.0,8.54182349966959
1390.6179813573922,12.711582432968102,1.0015880111281452,1.0012809508825433,0.0009006678521727765,0.0,8.56265710980415
1390.638814966826,12.714673034907785,0.9987409952022632,0.9984361281691411,0.0009018978376342927,0.0,8.583490719237943
1390.659648575795,12.71283819601009,1.0004302435956693,1.0001261817301004,0.0009010296952171069,0.0,8.604324328206985
1390.680482184066,12.711814548308261,1.0013739083914648,1.0010708799603383,0.0009004873534179242,0.0,8.62515793647799
1390.701315792104,12.711117889431394,1.0020166426750001,1.00171473901887,0.0009000776700273425,0.0,8.645991544515937
1390.7221493996772,12.712972473173336,1.0003065241986075,1.0000064510040547,0.0009011824955176046,0.0,8.666825152089132
1390.742983006551,12.71145015284554,1.0017100465319153,1.0014108675460893,0.0009005396969044765,0.0,8.687658758962925
1390.7638166131915,12.713134010215573,1.000157708550181,0.9998603045862476,0.0009015021995788483,0.0,8.708492365603433
1390.7846502191335,12.712802328453167,1.0004632935955315,1.000167108738565,0.0009015334561979971,0.0,8.72932597154545
1390.8054838246112,12.713261337688845,1.0000404239957683,0.999745671936626,0.000901796227058393,0.0,8.750159577023169
1390.8263174296226,12.713502415441997,0.999818398853961,0.9995250177399754,0.0009012574313980698,0.0,8.770993182034545
1390.8471510341678,12.712446105671923,1.0007915927588427,1.000499231038174,0.0009010978061518683,0.0,8.791826786579804
1390.8679846382483,12.710434692605784,1.0026473575900063,1.0023557593078913,0.0008999199392235,0.0,8.812660390660312
1390.8888182418625,12.713398320733653,0.99991426080777,0.999624757580174,0.0009011263394162599,0.0,8.833493994274477
1390.9096518450106,12.711224550193224,1.0019182112065355,1.0016294287609355,0.0009000716244930759,0.0,8.854327597422525
1390.9304854474608,12.713222970855199,1.0000757632083164,0.9997888085870823,0.0009017720023181603,0.0,8.875161199872764
1390.9513190496775,12.711162645713891,1.001975338336609,1.0016891360878466,0.000900097012450797,0.0,8.89599480208949
1390.9721526511967,12.712905111810402,1.0003685872493113,1.0000841374786387,0.0009010768957523723,0.0,8.916828403608633
1390.9929862524832,12.711709772480726,1.0014705477428256,1.0011870777734218,0.0009010273544743495,0.0,8.937662004895174
1391.01381985307,12.714192221644847,0.9991833809855264,0.9989018467806039,0.0009020281314989795,0.0,8.958495605481858
1391.034653453191,12.712365091196816,1.0008662717003989,1.0005855520457803,0.0009008923968563305,0.0,8.97932920560288
1391.0554870528476,12.713508964737535,0.9998123678434809,0.9995332293434782,0.0009014908028969785,0.0,9.000162805259606
1391.0763206520378,12.713097416437854,1.0001914185485161,0.9999134584541983,0.0009013805042696329,0.0,9.020996404449761
1391.0971542507637,12.714002836083791,0.9993576842915782,0.9990812372485904,0.0009023020652108132,0.0,9.041830003175619
1391.1179878487897,12.71402931976851,0.9993333078814292,0.9990581470892952,0.0009019693495677737,0.0,9.06266360120162
1391.1388214465824,12.712324549734443,1.000903644811558,1.0006293313396677,0.0009008717407614667,0.0,9.083497198994337
1391.159655043678,12.71272939993021,1.0005304966237045,1.000257562831516,0.000901108201278285,0.0,9.104330796089926
1391.1804886405405,12.713263748106854,1.0000382038314604,0.9997666793022527,0.000901225384872895,0.0,9.125164392952456
1391.201322236704,12.712502891278984,1.0007392512492281,1.0004688104259458,0.0009008180750340884,0.0,9.14599798911604
1391.2221558324027,12.713032056946654,1.0002516301999422,0.9999825927677529,0.0009019568928793519,0.0,9.166831584814645
1391.2429894276345,12.713059894283179,1.0002259849426802,0.9999582241780327,0.0009010438243128672,0.0,9.187665180046451
1391.2638230224006,12.714132569560354,0.9992382792274647,0.998972049576022,0.0009022276774429194,0.0,9.208498774812597
1391.2846566167018,12.713997341999407,0.9993627412928239,0.9990977435305388,0.0009018631934923686,0.0,9.229332369113763
1391.3054902105375,12.714480845185214,0.9989178012658351,0.9986541841623335,0.0009029656780513621,0.0,9.250165962949495
1391.326323803908,12.712074161793293,1.0011344956405488,1.0008715572076772,0.000900658036157555,0.0,9.270999556320021
1391.347157396579,12.71463474025585,0.9987762220954197,0.9985151619152103,0.0009025964096618567,0.0,9.291833148990918
1391.367990989017,12.712912925104575,1.00036138831287,1.0001011728605593,0.0009010798597145159,0.0,9.312666741428984
1391.3888245807566,12.713045270614353,1.0002394569739106,0.9999805303301611,0.0009011245417592987,0.0,9.333500333168558
1391.4096581722638,12.71146663390758,1.0016948410703579,1.0014367947835383,0.0009004676189322995,0.0,9.354333924675757
1391.4304917630725,12.71223244024953,1.0009885610458218,1.0007319511065988,0.0009007938663774639,0.0,9.375167515484463
1391.451325353416,12.712335259356351,1.0008937720204611,1.0006384388503897,0.0009012231706921004,0.0,9.396001105827963
1391.4721589432934,12.712663836541221,1.000590916595431,1.0003369109613944,0.0009010815851011918,0.0,9.416834695705347
1391.4929925327046,12.710762453266964,1.0023447253654834,1.0020915251671958,0.0008997289733550448,0.0,9.437668285116615
1391.51382612165,12.71226954674832,1.0009543514966077,1.000702749617894,0.0009008301135269367,0.0,9.458501874061994
1391.534659710131,12.712435759085036,1.0008011299065074,1.0005508116363677,0.0009019730744423764,0.0,9.479335462543077
1391.5763268854625,12.711826477534483,1.0013629061330802,1.0011149334920444,0.000900511390132351,0.0,9.521002637874517
1391.5971604723131,12.712195916249712,1.0010222347142546,1.0007755863594279,0.0009007253374763792,0.0,9.541836224725103
1391.61799405893,12.712022241572553,1.0011823713276864,1.0009369218226227,0.000900810898643636,0.0,9.562669811341948
1391.6388276448488,12.713553591180885,0.9997712739268805,0.9995274051145225,0.0009018020551137975,0.0,9.583503397260756
1391.6596612303024,12.71153416689134,1.001632537411938,1.0013894498225748,0.0009003264961741309,0.0,9.604336982714358
1391.6804948152908,12.712936013505658,1.000340115650796,1.000098573544164,0.0009011300606600707,0.0,9.625170567702753
1391.7013283998135,12.710785022277062,1.0023238900161504,1.002083101355699,0.0009000004406615504,0.0,9.646004152225487
1391.7221619838695,12.713200120293592,1.000096811169337,0.9998577854172161,0.0009012959724176384,0.0,9.666837736281423
1391.74299556746,12.711455355596474,1.0017052464383285,1.0014670643205508,0.0009005669408249513,0.0,9.687671319871924
1391.763829150585,12.712289425839312,1.0009360248714254,1.0006992509529657,0.0009003403636304672,0.0,9.708504902996992
1391.7846627330125,12.71218877040113,1.0010288230336122,1.0007932507581592,0.0009005254316725953,0.0,9.729338485424478
1391.8054963152058,12.712093482693092,1.0011166804041332,1.000882309339738,0.0009009983502289709,0.0,9.750172067617768
1391.8471634779648,12.71251788630039,1.0007254302098225,1.000493588114455,0.0009010607987018765,0.0,9.791839230376809
1391.867997058528,12.713004160137224,1.0002773309064956,1.0000468080441665,0.0009007750306679992,0.0,9.812672810940057
1391.888830638627,12.711658238920881,1.0015180828319157,1.0012884891386002,0.0009003172219305147,0.0,9.833506391039009
1391.9096642182599,12.711519182638721,1.0016463610446695,1.0014179513946333,0.0009000393546171016,0.0,9.854339970671845
1391.9304977974275,12.712862864142867,1.0004075138887436,1.0001805968736572,0.0009009716274040253,0.0,9.875173549839474
1391.951331376129,12.712378261909496,1.0008541305909044,1.0006283211326998,0.0009004222255614845,0.0,9.896007128540987
1391.972164954364,12.713072299697991,1.0002145566166198,0.9999900977310783,0.0009008526462092503,0.0,9.916840706775929
1391.9929985321342,12.710799605498867,1.0023104272492454,1.0020867050117577,0.0008997003580472213,0.0,9.93767428454612
1392.0138321092054,12.711868328768348,1.0013243079309686,1.001102009782173,0.0009003643042432997,0.0,9.958507861617363
1392.0346656860456,12.711257443774011,1.0018878574444952,1.0016666370263603,0.0008998205499155343,0.0,9.979341438457595
1392.055499262186,12.714356122239673,0.9990325576184551,0.9988131652618171,0.0009019842091777049,0.0,10.000175014597971
1392.0763328380935,12.714042278577711,0.999321380405561,0.9991031207569706,0.0009014552647451797,0.0,10.021008590505517
1392.097166413302,12.71319728625677,1.0000994216698198,0.99988218734324,0.0009008835814562481,0.0,10.041842165713888
1392.1179999880446,12.713062527851267,1.000223558791622,1.0000074910875016,0.0009007179181551261,0.0,10.062675740456598
1392.1388335623228,12.714949107510343,0.9984870753523252,0.9982725724658347,0.0009026494137158256,0.0,10.083509314734783
1392.1596671361349,12.713118710077179,1.0001718028201447,0.9999581279040355,0.0009019430984058967,0.0,10.104342888546853
1392.180500709482,12.713431818928775,0.9998834109510938,0.9996709853867617,0.000901382091735952,0.0,10.125176461893943
1392.2013342823625,12.712029234788618,1.0011759227427859,1.0009644100436368,0.0009002398949946563,0.0,10.146010034774463
1392.2221678547771,12.714596970626696,0.9988109672420794,0.9986011370166964,0.0009017252350139295,0.0,10.166843607189094
1392.243001426726,12.713533037908316,0.9997902000397854,0.9995813462866194,0.0009009394421231265,0.0,10.187677179138063
1392.305502139549,12.712752331501395,1.0005093648847854,1.0003038991311195,0.0009007042771366399,0.0,10.250177891960902
1392.3471692787898,12.713779077611708,0.9995636623103594,0.9993607382934725,0.0009018588654847372,0.0,10.291845031201774
1392.3680028479455,12.714138962971846,0.9992323951806199,0.9990307090706083,0.0009014668228861187,0.0,10.312678600357458
1392.3888364164036,12.716197831704308,0.997339358039091,0.9971392206503246,0.0009025342800884336,0.0,10.33351216881556
1392.409669984395,12.71388240712989,0.999468538359869,0.9992691410120658,0.0009010961932809595,0.0,10.354345736806863
1392.4305035519205,12.713528990565418,0.9997939270052199,0.9995956306141756,0.0009012617236617904,0.0,10.375179304332505
1392.4513371189805,12.714112393886877,0.9992568477273208,0.9990598212931788,0.0009013013273595713,0.0,10.396012871392486
1392.472170685574,12.714513802360205,0.9988874798958939,0.9986916874832441,0.0009014845076556895,0.0,10.416846437985896
1392.4930042517035,12.714906455174516,0.9985263009417418,0.998331738284998,0.0009022602541618666,0.0,10.437680004115464
1392.5138378173665,12.71295849263684,1.0003194047784816,1.0001256519635595,0.0009003851953035257,0.0,10.45851356977846
1392.534671382564,12.714577222276993,0.9988291346823559,0.9986368262082077,0.0009015334541574185,0.0,10.479347134976024
1392.5555049470631,12.714976464932544,0.9984619166736123,0.9982708323542754,0.0009017468665062384,0.0,10.500180699475095
1392.5763385113285,12.713516314464666,0.9998055997876868,0.9996154115076243,0.0009008647611182416,0.0,10.521014263740426
1392.597172075129,12.715913640916723,0.9976004451743186,0.9974118252088633,0.0009023144630144492,0.0,10.541847827541005
1392.6388392011,12.714524890671823,0.9988772785974193,0.9986907123983546,0.0009014322356828541,0.0,10.583514953511894
1392.7013398864474,12.715611154610466,0.9978784155612542,0.9976954616797535,0.0009024756490573705,0.0,10.646015638859353
1392.722173447221,12.71601804800266,0.9975045180539577,0.9973227705950237,0.0009023149700771993,0.0,10.666849199632907
1392.7846741269818,12.712758917298792,1.0005032960699491,1.0003244152130821,0.0009004964543082585,0.0,10.729349879393794
1392.8055076858918,12.711610682151647,1.001561951689989,1.0013840167870631,0.0008997454580980316,0.0,10.750183438303793
1392.826341244337,12.712171673996997,1.0010445857280643,1.0008678755685299,0.000900581101837594,0.0,10.77101699674904
1392.8471748023167,12.713093328735688,1.0001951841891072,1.0000197540246323,0.0009016368917073558,0.0,10.791850554728626
1392.8680083598315,12.711512397238817,1.0016526209375716,1.001478065027964,0.000899837819628504,0.0,10.81268411224346
1392.8888419168788,12.71306472545977,1.0002215342689418,1.0000483542063292,0.0009010543457771617,0.0,10.833517669290814
1392.9096754734624,12.712210346323593,1.00100893062736,1.0008367397588998,0.0009003482591769394,0.0,10.854351225874325
1392.9305090295788,12.711113378695112,1.0020208056035216,1.0018495655202613,0.0008994180039696522,0.0,10.87518478199081
1392.9513425852301,12.71164338005113,1.0015317892262592,1.0013617551926308,0.0008998237884242846,0.0,10.89601833764209
1392.9721761404155,12.711136637744502,1.001999340166824,1.0018303479407216,0.0008997077719946797,0.0,10.91685189282748
1392.9930096949033,12.713857141369793,0.99949179688807,0.999324344138157,0.0009013169445392301,0.0,10.937685447315289
1393.013843249158,12.712005907240238,1.0011974337051828,1.0010308118519355,0.0009000197135915657,0.0,10.958519001570039
1393.034676802947,12.711240728561455,1.0019032819070235,1.0017376582097388,0.0008999814302163081,0.0,10.9793525553589
1393.0555103562701,12.714889918569426,0.9985415093881274,0.9983775514924198,0.000902126649858066,0.0,11.000186108682101
1393.076343909127,12.713059277953532,1.0002265527317067,1.0000634282849918,0.0009005906051291243,0.0,11.021019661538958
1393.0971774615186,12.71192596066539,1.0012711581072893,1.001108972770005,0.0008998582948520276,0.0,11.041853213930608
1393.1180110134455,12.711663021533065,1.001513671205947,1.0013525545097417,0.0009001038410287493,0.0,11.062686765857507
1393.138844564673,12.711340524222365,1.001811195998134,1.001651137872937,0.0008995282279313572,0.0,11.083520317085004
1393.159678115668,12.711778199996443,1.0014074329807592,1.0012485435362815,0.0009003075220610885,0.0,11.104353868079897
1393.1805116661972,12.713302407140345,1.0000025968193929,0.9998450310835315,0.0009011560222284465,0.0,11.12518741860913
1393.20134521626,12.711784268111458,1.001401836189869,1.0012451505145261,0.0008999237755765702,0.0,11.146020968672019
1393.2221787658575,12.71353557888963,0.9997878602032463,0.9996325240052477,0.0009012428877573548,0.0,11.166854518269474
1393.2430123149907,12.712275548541541,1.0009488183805446,1.0007943982076033,0.000900186733327705,0.0,11.187688067402632
1393.263845863657,12.713441055652396,0.999874904642292,0.9997217435578,0.0009012971992202921,0.0,11.208521616068992
1393.2846794118568,12.711671252272277,1.001506078968934,1.0013537613991292,0.0008998362084102267,0.0,11.229355164268782
1393.3055129595925,12.711355811380866,1.0017970906024973,1.0016458206516092,0.000899671320749749,0.0,11.250188712004501
1393.3263465068621,12.713494655405743,0.9998255448390682,0.9996756605043613,0.0009010699895159695,0.0,11.271022259274105
1393.3471800536654,12.713594721417985,0.9997334009605962,0.9995846164405909,0.0009008087583533582,0.0,11.291855806077365
1393.3680136002376,12.712675476519948,1.0005801895012234,1.0004323640643689,0.0009027490154836134,0.0,11.312689352649613
1393.38884714611,12.713493925864206,0.999826216654658,0.9996795850835297,0.0009010198936606662,0.0,11.333522898522006
1393.4096806915159,12.71282881240056,1.0004388899752354,1.0002932498733175,0.0009007619607787639,0.0,11.354356443927827
1393.43051423669,12.713590167861952,0.9997375938313744,0.9995931345716158,0.0009015592548435362,0.0,11.375189989101955
1393.451347781166,12.711623281767901,1.00155032895606,1.0014066866500368,0.0009006853256400837,0.0,11.396023533578045
1393.4721813254087,12.712763718580367,1.0004988717103305,1.0003564561450924,0.0009013999239947173,0.0,11.416857077820623
1393.493014869186,12.712407752496421,1.000826945926011,1.000685558138857,0.0009016784171974108,0.0,11.437690621597994
1393.513848412265,12.71079539235181,1.002314316674137,1.002173793020468,0.0009014266409494609,0.0,11.458524164676874
1393.53468195511,12.711016238710698,1.002110459646046,1.001971036791941,0.000902126674823999,0.0,11.479357707522013
1393.5555154974895,12.712917722689726,1.000356967986535,1.0002188576220126,0.0009046118562594124,0.0,11.50019124990149
1393.5763490394038,12.712417378777443,1.0008180725010616,1.0006809656801097,0.0009047065572481813,0.0,11.521024791815762
1393.5971825810857,12.713114981759446,1.0001752373235304,1.000039283271461,0.0009058559735777903,0.0,11.541858333497657
1393.6180161220695,12.712833572228803,1.000434504096948,1.000299577967167,0.0009067515442344411,0.0,11.562691874481516
1393.6388496628206,12.712825059388845,1.0004423481498346,1.0003084823196113,0.0009077629990354367,0.0,11.583525415232543
1393.6596832028715,12.71344762350071,0.9998688562054666,0.9997361260469813,0.0009089102038856582,0.0,11.604358955283487
1393.6805167426896,12.71206078966658,1.0011468258729883,1.0010149845386558,0.0009090022286460008,0.0,11.6251924951016
1393.7013502820437,12.713133981547813,1.0001577349583277,1.000027079488593,0.0009109482044597889,0.0,11.646026034455645
1393.722183821164,12.712199440783301,1.0010189851857336,1.0008892719101599,0.0009121496299820923,0.0,11.666859573575948
1393.743017359586,12.712676969709467,1.0005788134258762,1.0004502096123102,0.0009135079500829828,0.0,11.687693111997987
1393.7846844354985,12.713103666756567,1.0001856607068629,1.0000592060010687,0.0009167293072122232,0.0,11.729360187910515
1393.8055179727567,12.71414583994474,0.9992260661365082,0.999100778314907,0.0009189234933107512,0.0,11.750193725168629
1393.8263515095487,12.711895944987358,1.0012988390927833,1.0011743372901711,0.0009198628778502014,0.0,11.771027261960626
1393.8471850461085,12.713078983674942,1.0002083991444504,1.0000850758867443,0.0009220923478200386,0.0,11.791860798520474
1393.8680185822018,12.713524316310696,0.9997982312750091,0.9996759993072523,0.0009241384924535019,0.0,11.812694334613752
1393.88885211783,12.714046938841108,0.9993170910663687,0.9991959563241553,0.0009264761782378355,0.0,11.833527870242051
1393.9096856529914,12.714266263743191,0.9991152437056874,0.9989951698110268,0.0009284376935509199,0.0,11.854361405403324
1393.930519187922,12.7152914402265,0.9981723019206188,0.9980533749395255,0.0009302293063025819,0.0,11.87519494033404
1393.951352722386,12.713222500210465,1.0000761967210714,0.9999580766481168,0.0009306538119917673,0.0,11.896028474797959
1393.972186256384,12.713231808008295,1.000067623305988,0.9999505361691158,0.0009318128308922183,0.0,11.916862008795988
1393.99301979015,12.713207997617424,1.0000895552098958,0.9999734956364452,0.0009335718825051598,0.0,11.937695542561869
1394.01385332345,12.714544406086546,0.9988593245777653,0.9987444348228837,0.0009360451134763571,0.0,11.958529075861861
1394.0346868565161,12.713917473401573,0.9994362588161037,0.9993223285324822,0.0009374826655906864,0.0,11.979362608928113
1394.055520389117,12.71244443697296,1.0007931309051894,1.000680071352818,0.0009386621549154721,0.0,12.000196141528932
1394.0763539212535,12.713662607062776,0.9996708945943341,0.9995589842641767,0.0009406285131779542,0.0,12.021029673665453
1394.0971874529241,12.712954053775404,1.0003234944351476,1.0002125323435835,0.0009428448380964187,0.0,12.041863205336085
1394.1180209845938,12.712586937299445,1.0006617877770443,1.0005518079845708,0.0009438257915182998,0.0,12.062696737005808
1394.1388545155642,12.713965779912758,0.9993917929462169,0.9992829694517715,0.0009464363784189803,0.0,12.08353026797613
1394.1596880463026,12.716231447598942,0.9973084795111223,0.9972008956553583,0.0009492840628704824,0.0,12.10436379871453
1394.1805215768095,12.713238047928623,1.0000618757548483,0.9999550086470995,0.0009490112028960521,0.0,12.125197329221464
1394.201355106849,12.7138184767633,0.9995273908426225,0.9994215922628163,0.0009500999192417596,0.0,12.146030859260918
1394.2221886366565,12.71476165677917,0.9986594775339176,0.9985547795434797,0.0009518619872432117,0.0,12.16686438906845
1394.2430221659984,12.714464830262266,0.9989325357008971,0.9988288162682594,0.0009524756553445066,0.0,12.187697918410322
1394.2638556951074,12.714224281285368,0.9991538775141198,0.9990511406941399,0.0009524485711383129,0.0,12.208531447519363
1394.2846892239832,12.713371512463084,0.9999389503252336,0.9998371373510532,0.0009520037968291423,0.0,12.229364976395118
1394.305522752393,12.715657082886226,0.9978362046950227,0.9977356064672092,0.0009534725130663487,0.0,12.250198504804985
1394.326356280571,12.714072389302629,0.9992936666074792,0.9991939217380821,0.0009522278065302763,0.0,12.27103203298293
1394.3471898082835,12.713312914062323,0.9999929196083187,0.9998941041221902,0.0009513082547937298,0.0,12.291865560695442
1394.3680233359946,12.714513012937253,0.99888820617267,0.9987904961128518,0.0009522783691955222,0.0,12.312699088406589
1394.38885686324,12.71377860114907,0.9995641009572817,0.9994673199049265,0.0009513188441217582,0.0,12.333532615652075
1394.409690390021,12.713527953485112,0.9997948819951006,0.9996990721356189,0.0009515228184332269,0.0,12.354366142433037
1394.4305239168025,12.714284261222812,0.9990986822176143,0.9990039301072982,0.0009522452949781438,0.0,12.375199669214453
1394.45135744335,12.713062200160305,1.0002238606736722,1.000129992187527,0.0009522744139804028,0.0,12.396033195761902
1394.4721909694315,12.71455246578142,0.9988519098195012,0.9987591572495608,0.0009548794971763184,0.0,12.416866721843462
1394.493024495513,12.71260225789661,1.000647667746859,1.0005557355449597,0.0009553415137984242,0.0,12.437700247925022
1394.5138580211296,12.713609892254087,0.9997194319269168,0.9996285693949942,0.0009589722998861197,0.0,12.458533773541603
1394.5346915465134,12.713746062785457,0.9995940572831276,0.9995041885989665,0.000960233430776633,0.0,12.479367298925354
1394.5555250718971,12.715059589717127,0.9983854766006908,0.9982966960269489,0.0009635118453857577,0.0,12.500200824309104
1394.576358596815,12.71583145704384,0.9976759605443027,0.9975882200095243,0.000966459386626164,0.0,12.521034349226966
1394.5971921217333,12.71319387727052,1.0001025617792836,1.0000155853440504,0.0009676379354929568,0.0,12.541867874145282
1394.6180256464186,12.715065521318834,0.9983800222289966,0.9982941696098039,0.0009714410217818421,0.0,12.56270139883054
1394.63885917087,12.715547356166887,0.9979370531566383,0.9978522103967709,0.0009750351701032179,0.0,12.583534923282059
1394.6805262193095,12.712602496749138,1.000647447613092,1.0005643177854773,0.0009787357858035812,0.0,12.62520197172148
1394.7430267910365,12.71537186172003,0.998098369105227,0.9980183450791125,0.0009895746594935373,0.0,12.687702543448495
1394.8055273615996,12.714847364401244,0.9985806468285722,0.9985034632546143,0.0010008239874508642,0.0,12.750203114011583
1394.930528501794,12.71613101776434,0.9974007341100669,0.9973293442882305,0.0010245436509369581,0.0,12.875204254205983
1395.3888660644245,12.715453816711733,0.9980230321531733,0.9979719621973678,0.0010169520851917705,0.0,13.333541816836487
1396.6805465214388,12.715684586710186,0.9978109278703319,0.9978125298396344,0.0009015561500157379,0.0,14.625222273850795
1396.7013800926484,12.71620573423186,0.9973320989341293,0.9973344920532651,0.0009022165454449295,0.0,14.646055845060346
1396.722213663858,12.714481255098265,0.9989174241306114,0.998920612417087,0.0009015903842732623,0.0,14.666889416269896
1396.7430472350688,12.716126385720365,0.9974049893001354,0.997408961113111,0.0009018724791206682,0.0,14.68772298748081
1396.7638808058125,12.715572976063527,0.9979135053165689,0.9979182660979805,0.0009017011510142435,0.0,14.708556558224473
1396.7847143763238,12.714493115568445,0.998906512119426,0.9989120635506474,0.0009014928576322751,0.0,14.729390128735758
1396.805547946603,12.713936178731783,0.9994190404308965,0.9994253792111509,0.0009010927292715957,0.0,14.750223699014896
1396.8263815166483,12.716227581857826,0.9973120304134883,0.9973191368656373,0.0009021346634533695,0.0,14.771057269060293
1396.847215086228,12.714680642087675,0.9987339975763535,0.9987418944962033,0.0009017549427691228,0.0,14.791890838640029
1396.8680486555754,12.714431382246918,0.9989633100504186,0.9989719874836928,0.0009015124833786058,0.0,14.812724407987389
1396.8888822244571,12.714479332193807,0.9989191932753255,0.9989286471770976,0.000901827120463481,0.0,14.833557976869088
1396.909715793106,12.714837847862768,0.9985893994820726,0.9985996250443074,0.0009020261126975161,0.0,14.854391545517956
1396.930549361289,12.713997634936714,0.9993624716595649,0.9993734787045638,0.0009008937307148413,0.0,14.875225113700935
1396.9513829290058,12.71505877925566,0.9983862218583834,0.9983979891485066,0.0009013757891829955,0.0,14.896058681417799
1396.9722164962582,12.715299374415956,0.9981650076449178,0.9981775413416893,0.0009014782100964986,0.0,14.916892248670138
1396.993050063277,12.71236978784951,1.0008619421854719,1.000875279020963,0.0009002100742627002,0.0,14.937725815688964
1397.0347171956846,12.712969565898039,1.000309202722479,1.0003240644406497,0.0009007029356776335,0.0,14.979392948096574
1397.0555507610738,12.712830826100125,1.0004370344771123,1.0004526615909861,0.0009001605689435178,0.0,15.000226513485813
1397.0763843262298,12.713173105539745,1.000121695395522,1.0001380790231338,0.0009003849624356376,0.0,15.021060078641767
1397.097217890688,12.71403828209346,0.9993250588124247,0.9993421884077445,0.0009009490375138746,0.0,15.041893643099911
1397.11805145468,12.715312571110578,0.9981528754173299,0.9981707412348086,0.000901438945699757,0.0,15.062727207091939
1397.1388850179742,12.713105649029966,1.0001838346282899,1.0002024928347293,0.0009001855140514728,0.0,15.083560770386157
1397.1597185808014,12.712999679817285,1.0002814585865858,1.000300872908298,0.0009001676026472774,0.0,15.10439433321335
1397.1805521431638,12.713160188469681,1.0001335939753084,1.0001537577932726,0.00090031243569748,0.0,15.12522789557579
1397.2013857050606,12.71325358394008,1.000047565776486,1.0000684783451093,0.0009009568595025434,0.0,15.14606145747257
1397.222219266258,12.712989953864833,1.0002904190812598,1.0003120855788696,0.0009003061019398775,0.0,15.166895018669948
1397.243052826991,12.713714960164419,0.9996226926370334,0.9996450912066308,0.0009006868397876452,0.0,15.187728579403029
1397.263886387025,12.714642626920202,0.9987689671248449,0.9987920906484539,0.0009011341720861411,0.0,15.208562139436935
1397.2847199465932,12.714698413151712,0.9987176506768953,0.9987415152437031,0.000901415977021593,0.0,15.229395699005181
1397.305553505464,12.713670301464251,0.9996638101460884,0.9996884384403384,0.0009008201220082925,0.0,15.250229257876072
1397.3263870638675,12.714218534100787,0.9991591664019104,0.9991845211933341,0.000901199800996828,0.0,15.271062816279482
1397.347220621573,12.713651074797639,0.9996815127638133,0.9997076183108022,0.0009005776324163449,0.0,15.291896373984855
1397.3680541785811,12.713812766683915,0.9995326475483797,0.9995594847830653,0.0009007676390775197,0.0,15.3127299309931
1397.388887735122,12.71439632308537,0.9989955677769049,0.999023123956516,0.0009010102882757322,0.0,15.333563487533866
1397.409721291198,12.714273515084981,0.9991085709044154,0.9991368618347398,0.0009018827690923366,0.0,15.354397043609879
1397.430554846342,12.713399311973468,0.9999133479208544,0.9999423920461641,0.0009003683539570057,0.0,15.375230598753888
1397.4513884010212,12.714116720716785,0.9992528655392164,0.999282618589063,0.0009009247060340058,0.0,15.396064153433144
1397.4722219550022,12.713054421005234,1.000231027169878,1.0002615363500724,0.0009003980059669904,0.0,15.416897707414137
1397.4930555085166,12.714144676189512,0.9992271371657099,0.9992583401857925,0.0009007956661522346,0.0,15.437731260928558
1397.513889061332,12.715247329323043,0.9982128561328519,0.9982447493919965,0.0009021100122159233,0.0,15.458564813744033
1397.5347226134509,12.713652588175151,0.9996801193365158,0.9997127806327488,0.0009004100086140428,0.0,15.479398365862835
1397.555556165103,12.713384510061724,0.9999269798969755,0.9999603687779101,0.0009003620128592652,0.0,15.500231917515066
1397.576389715824,12.713516188378478,0.9998057158947885,0.999839818342583,0.0009004678739748031,0.0,15.521065468235975
1397.5972232660795,12.714236370677492,0.9991427522557796,0.999177547415837,0.0009007203400720564,0.0,15.54189901849145
1397.618056815636,12.714407377067104,0.9989853969614739,0.9990209000397431,0.0009013321205960352,0.0,15.562732568047977
1397.638890364727,12.712549069224355,1.0006966892534572,1.0007329659520838,0.0008997647494516901,0.0,15.583566117139071
1397.6597239131195,12.711847842425348,1.001343201716281,1.001380213296071,0.0008996933183513322,0.0,15.604399665531446
1397.68055746058,12.713031682324123,1.000251975326926,1.000289655424828,0.000900039068719918,0.0,15.625233212992043
1397.701391007809,12.713410292520084,0.9999032353911618,0.9999416091403716,0.0009008616453569153,0.0,15.646066760220947
1397.722224554106,12.712269722925864,1.000954189076248,1.0009933088716305,0.0008999410365230793,0.0,15.666900306518073
1397.7430580997038,12.713217216147502,1.0000810639055921,1.000120852858098,0.0009001085787572672,0.0,15.687733852115798
1397.763891644837,12.713343048298013,0.9999651655332323,1.0000056512577813,0.0009007100665256624,0.0,15.708567397248999
1397.7847251892708,12.715199376778475,0.9982569441012916,0.9982980590365277,0.000901235935729868,0.0,15.729400941682798
1397.8055587330068,12.716172691612417,0.9973624515799373,0.9974042256081642,0.0009025180771298646,0.0,15.750234485418787
1397.8263922762776,12.713150184627422,1.000142809127904,1.000185395667551,0.0009006290437871751,0.0,15.77106802868957
1397.8472258186162,12.715494437003358,0.9979856941440964,0.9980288815762256,0.0009016791028435838,0.0,15.79190157102812
1397.86805936049,12.713616996010938,0.9997128909821673,0.9997568452844218,0.0009008141838853142,0.0,15.812735112901919
1397.8888929016643,12.713506851274982,0.9998143140510848,0.999858963193017,0.0009005451857064428,0.0,15.833568654076316
1397.9097264421398,12.713414599946177,0.9998992684968794,0.9999446100554037,0.0009003265235088684,0.0,15.854402194551767
1397.9305599821523,12.71377019817534,0.9995718370384278,0.9996178503307095,0.000900602364146798,0.0,15.875235734564285
1397.951393521232,12.713072660075701,1.0002142246253223,1.0002609526944501,0.0009000052123559294,0.0,15.896069273643889
1397.972227059845,12.714848527078033,0.9985795774841827,0.9986269114578015,0.000901381107257402,0.0,15.916902812256922
1397.99306059776,12.712316543347365,1.0009110256574023,1.0009591521914813,0.0008997739819839796,0.0,15.937736350171917
1398.013894134977,12.714650266822224,0.9987619392020666,0.9988106411702332,0.0009009818572245563,0.0,15.958569887388876
1398.034727671728,12.713146152599775,1.0001465232998434,1.0001959706757562,0.0009002757244545981,0.0,15.979403424139946
1398.0555612075475,12.713415596802808,0.999898350450899,0.9999484614646986,0.0009004914479481484,0.0,16.000236959959466
1398.076394742901,12.712539346712566,1.0007056502965528,1.0007564764045302,0.0008998835434555744,0.0,16.02107049531287
1398.097228277557,12.714693615292894,0.9987220640112344,0.9987734608562687,0.0009010402620960571,0.0,16.04190402996892
1398.118061811514,12.715296669173007,0.9981674946967439,0.9982195323000078,0.0009014415207625652,0.0,16.06273756392602
1398.138895345005,12.713136185653362,1.0001557045839478,1.0002085146529192,0.0009004354203048413,0.0,16.083571097417007
1398.159728877565,12.711838683558593,1.0013516487106826,1.0014051897224758,0.0008997211712992474,0.0,16.104404629976898
1398.1805624096596,12.71381360406425,0.9995318766533346,0.9995859851296207,0.0009005854796862131,0.0,16.125238162071582
1398.201395941057,12.71249175825965,1.000749512771782,1.0008043509206155,0.0008997816733109209,0.0,16.14607169346891
1398.2222294719863,12.713507779477268,0.9998134593042963,0.9998689074802648,0.0009004879581866176,0.0,16.166905224398306
1398.2430630019849,12.712538620850896,1.0007063193118366,1.000762477097283,0.0008997010631829826,0.0,16.187738754396833
1398.263896531519,12.71391412547644,0.9994393406355307,0.9994960847619166,0.0009007436681392778,0.0,16.208572283931062
1398.2847300603535,12.714632399796198,0.9987783751027144,0.9988357368943677,0.0009012066191167947,0.0,16.229405812765435
1398.3055635884898,12.71392300691103,0.9994311651516654,0.9994892182391497,0.0009004923353922038,0.0,16.25023934090177
1398.32639711616,12.711245457941477,1.001898917706009,1.001957767734755,0.0008990426132738362,0.0,16.27107286857199
1398.3472306431322,12.712726578779613,1.0005330963812344,1.000592517074125,0.0009000792034727843,0.0,16.291906395544174
1398.368064169173,12.713881624275045,0.999469259012886,0.9995292649081394,0.0009009897177240943,0.0,16.312739921585035
1398.388897694981,12.71199290104364,1.001209427271019,1.0012701853347419,0.0008994721539484147,0.0,16.333573447393064
1398.4097312198578,12.712046568992378,1.001159938704644,1.0012213396070173,0.0009001179677131881,0.0,16.35440697226977
1398.4305647442702,12.71264444913167,1.0006087837707225,1.0006707945394024,0.0008998875868047673,0.0,16.37524049668218
1398.451398267982,12.712704131601818,1.0005537822314208,1.0006164314069066,0.0009000619471560418,0.0,16.396074020394053
1398.472231790996,12.714750473951968,0.9986697635443085,0.9987329335455098,0.0009011566415407135,0.0,16.416907543407888
1398.4930653135434,12.713844072491739,0.9995038277248117,0.9995676879943285,0.0009017605800731617,0.0,16.43774106595538
1398.5138988351605,12.713641925058571,0.9996899373364615,0.9997544453097295,0.0009006204074172774,0.0,16.458574587572457
1398.5555658769981,12.715228767735422,0.9982299215799607,0.9982955996693462,0.0009012034419524396,0.0,16.500241629410084
1398.5763993967525,12.71255987393571,1.0006867308629799,1.0007532015898968,0.0008996156804554336,0.0,16.521075149164517
1398.5972329160418,12.715057095662965,0.9983877700033612,0.9984547157509717,0.0009016879922341229,0.0,16.541908668453743
1398.6180664348649,12.713261987390442,1.000039825574473,1.0001075090500962,0.000900170716544013,0.0,16.562742187276854
1398.6388999527571,12.715316180642532,0.9981495570618264,0.9982177365554552,0.000901405485360221,0.0,16.583575705169096
1398.6597334701828,12.714033713172169,0.9993292641130533,0.9993981470623788,0.0009007115496813307,0.0,16.604409222594768
1398.6805669869104,12.7139325925034,0.999422341555823,0.9994918520379444,0.0009005698708053147,0.0,16.625242739322402
1398.743067533368,12.714766883592581,0.9986546699258039,0.9987259780496807,0.0009016308527058742,0.0,16.687743285780016
1398.7639010477678,12.711415336359364,1.0017421690521258,1.0018143129153099,0.0008992987163400487,0.0,16.7085768001798
1398.7847345612354,12.71318677291578,1.0001091058243168,1.0001817445357986,0.0009003899767707948,0.0,16.72941031364735
1398.8055680742382,12.712645992846285,1.000607361092453,1.0006806469387128,0.000900055620976092,0.0,16.75024382665015
1398.8264015867749,12.713097971685041,1.0001909070491977,1.0002647712684645,0.0009003882482245098,0.0,16.77107733918683
1398.84723509838,12.713105525656092,1.0001839482807222,1.0002584190393462,0.0009011183962684397,0.0,16.791910850791965
1398.86806860952,12.712240940799663,1.000980724040754,1.0010558598432098,0.000900028599045934,0.0,16.81274436193189
1398.8889021201944,12.71233634183848,1.0008927741269795,1.0009685071742942,0.0008997566156131371,0.0,16.833577872606384
1398.9097356299371,12.713268025343837,1.00003426420787,1.0001105338073173,0.0009005768451447739,0.0,16.8544113823491
1398.930569139447,12.713904038536292,0.9994486258851129,0.999525450163306,0.0009009736178443443,0.0,16.875244891858983
1398.9514026480251,12.712147112262285,1.0010672318087184,1.00114477899919,0.0008999866746962987,0.0,16.89607840043709
1398.972236156138,12.711897260727632,1.0012976256779562,1.0013757875297489,0.0008995511742768766,0.0,16.91691190854999
1398.9930696635533,12.71185189947608,1.0013394600223398,1.001418220159345,0.0008997701535967353,0.0,16.93774541596531
1399.0139031705025,12.711763591157961,1.00142090724624,1.001500267038003,0.000899507676495713,0.0,16.958578922914512
1399.034736676519,12.710864225371758,1.0022507744120996,1.0023307918876843,0.0008991635948045966,0.0,16.979412428931028
1399.0555701823037,12.711451402956303,1.0017088931690763,1.0017894571612338,0.0008996693970122237,0.0,17.000245934715622
1399.076403687157,12.714382487763684,0.9990082978609203,0.999089231027538,0.0009023104014358925,0.0,17.021079439568894
1399.0972371917774,12.712135868296938,1.0010775989895297,1.0011592855672595,0.0009001337296830838,0.0,17.041912944189335
1399.118070695467,12.7126904602917,1.0005663810257746,1.0006486095414986,0.0009003128448983568,0.0,17.062746447878908
1399.1389041986909,12.712848496919259,1.000420752070805,1.0005035503685196,0.000900604678927581,0.0,17.08357995110282
1399.1597377012158,12.713409737409606,0.9999037466174643,0.9999870817586877,0.000900714178929168,0.0,17.104413453627785
1399.1805712032751,12.713246391688099,1.0000541904223976,1.0001381160049492,0.0009030448237566569,0.0,17.12524695568709
1399.2014047046355,12.713119916792422,1.0001706912040051,1.0002552027163665,0.0009002300582102984,0.0,17.146080457047447
1399.2222382052978,12.711196697826677,1.0019439137216415,1.0020291504200871,0.0009002241914134263,0.0,17.166913957709767
1399.243071705495,12.712056859514862,1.0011504498343358,1.0012361921110315,0.000900216547050074,0.0,17.18774745790688
1399.263905204994,12.712068582471947,1.0011396402285158,1.0012259528335004,0.000899929321499677,0.0,17.208580957405957
1399.284738704026,12.713001874754108,1.0002794364081071,1.0003662437969447,0.0009003189351922663,0.0,17.229414456438008
1399.30557220236,12.712141074708864,1.0010727985510526,1.0011602423684534,0.0008997570271386223,0.0,17.25024795477202
1399.326405700228,12.713495245566856,0.9998250013755707,0.9999129012517495,0.0009003925277065114,0.0,17.27108145263992
1399.3472391973985,12.714770676854318,0.9986511809089387,0.9987395401644653,0.0009011468379037977,0.0,17.29191494981046
1399.36807269387,12.71178122367758,1.001404644151819,1.0014938093375818,0.0008996714180360819,0.0,17.312748446282058
1399.3889061898758,12.712212768265013,1.001006697688754,1.0010963877067216,0.0008995379197196476,0.0,17.333581942287765
1399.409739685183,12.7126447190169,1.0006085350459428,1.000698747613061,0.0008999505211601824,0.0,17.35441543759498
1399.4305731800246,12.713139912046532,1.0001522719204932,1.000242999504613,0.0009003243782363218,0.0,17.375248932436534
1399.451406674401,12.712281573589856,1.0009432638561282,1.0010346179678764,0.0009000607089422204,0.0,17.39608242681288
1399.472240167846,12.712169580091878,1.0010465163023547,1.0011384328498243,0.0008996836295547464,0.0,17.416915920257907
1399.4930736608248,12.715855256025831,0.9976540920536984,0.9977462464324608,0.0009016902771354769,0.0,17.437749413236816
1399.5139071533376,12.713588778764858,0.9997388729021728,0.9998317685109845,0.0009007786165792679,0.0,17.45858290574961
1399.534740645152,12.713187231266096,1.0001086836221056,1.0002021606360114,0.0009000735937675788,0.0,17.47941639756391
1399.5555741365024,12.713749983998724,0.999590447184851,0.9996844207034044,0.0009008006406783284,0.0,17.500249888914368
1399.576407627153,12.713247952780694,1.0000527525260992,1.0001473128843845,0.0008999849595670855,0.0,17.52108337956497
1399.597241117105,12.712824507133412,1.0004428570210129,1.0005379960373557,0.0009000735318740431,0.0,17.54191686951708
1399.6180746065916,12.711621337578388,1.0015521223985013,1.0016479074549625,0.000900539210552965,0.0,17.56275035900353
1399.638908095379,12.713824408832657,0.9995219298019179,0.999618058338131,0.0009003405391718526,0.0,17.583583847791033
1399.680575071559,12.713110630379026,1.0001792458033485,1.0002765080925906,0.0009000353349000296,0.0,17.625250823970873
1399.701408558717,12.71127007992233,1.0018761972181516,1.0019741579726233,0.0008991245487061705,0.0,17.646084311129016
1399.7222420451772,12.71267844968245,1.0005774495323316,1.000675814234539,0.0009003236896731873,0.0,17.66691779758912
1399.7430755311711,12.7126225091429,1.0006290037534373,1.0007279026687501,0.0008996248096418734,0.0,17.68775128358311
1399.763909016467,12.712886992352086,1.0003852821776815,1.0004846842025867,0.0009003631192837931,0.0,17.708584768879064
1399.7847425012974,12.710488017075209,1.0025981151265015,1.0026982635693473,0.0008982919301297112,0.0,17.729418253709355
1399.8055759856616,12.714090686119263,0.9992768266616063,0.999377166327061,0.0009005088269110894,0.0,17.75025173807353
1399.8264094693268,12.714900466386702,0.9985318087056072,0.9986325943402801,0.0009012819937902428,0.0,17.77108522173876
1399.847242952294,12.71169730962606,1.0014820434021472,1.0015836473123314,0.0008993194888149857,0.0,17.79191870470595
1399.868076434796,12.71331539703002,0.9999906327293647,1.0000926032354542,0.0009000607126449685,0.0,17.812752187207934
1399.8889099168318,12.713559211181469,0.9997660989123821,0.9998685624942607,0.0009001192741549397,0.0,17.833585669243803
1399.9097433981697,12.713684491240185,0.9996507453586021,0.9997537112139789,0.0009001666352614082,0.0,17.854419150581634
1399.9305768788086,12.714170774865085,0.9992031182637628,0.9993065500626377,0.0009004671766069042,0.0,17.87525263122052
1399.9514103589831,12.714840678620368,0.9985867959391177,0.9986906738593254,0.0009008714540865928,0.0,17.896086111395107
1399.97224383869,12.713695720308621,0.9996404066699461,0.9997449028329627,0.0009003155950527989,0.0,17.916919591101987
1399.9930773176989,12.712817155008599,1.0004496315999796,1.0005547195891251,0.0008995530171597918,0.0,17.93775307011083
1400.0139107962432,12.713298558204967,1.0000061418353716,1.0001116884328087,0.0008999495833082421,0.0,17.95858654865515
1400.034744274088,12.71293399528495,1.0003419751347165,1.0004480607226647,0.0008996840849846546,0.0,17.979420026500065
1400.0555777514678,12.71273968146545,1.000521022001039,1.0006276283934703,0.0008996883478435657,0.0,18.000253503879776
1400.0764112281481,12.714284970276747,0.9990980297436352,0.9992049838024318,0.0009010217096023403,0.0,18.021086980560085
1400.0972447043637,12.713340741157726,0.9999672904162006,1.0000748354346132,0.0008998572555266713,0.0,18.041920456775642
1400.1180781798812,12.713754961236631,0.9995858648673053,0.9996938647623316,0.0009004038664984635,0.0,18.062753932293163
1400.1389116549315,12.71307125350087,1.0002155204069862,1.0003240827260893,0.0008999090903631593,0.0,18.08358740734343
1400.159745129517,12.713452973245005,0.9998639295672032,0.9999729461274559,0.0009003235808925583,0.0,18.104420881928945
1400.180578603404,12.712889988897476,1.0003825211978465,1.000492085140804,0.0008998672557849368,0.0,18.12525435581597
1400.201412076592,12.714944596545035,0.998491223827705,0.9986010687294024,0.0009003938664516734,0.0,18.146087829004045
1400.222245549548,12.714235732954814,0.9991433391167275,0.9992537423588389,0.0009005220163344855,0.0,18.166921301959974
1400.243079021573,12.713581900190839,0.9997452066686912,0.9998561614929001,0.0009001395936304663,0.0,18.187754773985034
1400.2639124933644,12.714141122613004,0.9992304076064262,0.9993417883080409,0.0009005421655794582,0.0,18.208588245776355
1400.2847459644581,12.714193508897305,0.9991821963510871,0.9992940528511202,0.0009005967635638462,0.0,18.229421716870092
1400.3055794348516,12.714126647302335,0.9992437296886584,0.9993560724633606,0.0009008300473983521,0.0,18.25025518726352
1400.3264129047807,12.712419392112697,1.0008162166354932,1.0009292145232602,0.0008997204718166827,0.0,18.27108865719265
1400.347246374244,12.713310818976193,0.9999948492421536,1.0001082305048656,0.0009002007359105002,0.0,18.29192212665589
1400.3680798430082,12.712652175914764,1.0006016628333447,1.0007155874803053,0.0008997406633380506,0.0,18.312755595420185
1400.388913311307,12.713552255028198,0.999772504288262,0.9998868069029307,0.0009002647588369531,0.0,18.333589063719046
1400.409746778908,12.712308846667453,1.0009181210448979,1.0010330257312123,0.0008997732998638838,0.0,18.35442253131987
1400.430580246043,12.712632131227434,1.000620135950967,1.000735475565029,0.0008996926057067619,0.0,18.37525599845503
1400.451413712713,12.714774332191038,0.9986478187661186,0.99876339743157,0.0009009080699962571,0.0,18.396089465124987
1400.472247178684,12.71298637921635,1.0002937124157731,1.0004099469165701,0.0008999918452464416,0.0,18.416922931095996
1400.493080644189,12.71407520602115,0.9992910741496492,0.999407655208666,0.0009005327922762736,0.0,18.43775639660089
1400.5139141089953,12.715018467433449,0.9984232911896431,0.9985402318584491,0.0009010907333030555,0.0,18.45858986140729
1400.534747573336,12.71379179596177,0.9995519534569086,0.9996694858737823,0.0009006627789508828,0.0,18.47942332574803
1400.5555810372116,12.713675834364805,0.9996587158825554,0.9997767186386315,0.0009001012367173308,0.0,18.500256789623563
1400.597247963099,12.71437471559697,0.9990154492175726,0.9991342855758807,0.0009006729640147946,0.0,18.541923715511075
1400.6180814251125,12.713755118802489,0.9995857198038991,0.9997050763003394,0.0009002164180477846,0.0,18.562757177524418
1400.6389148866597,12.715962894117865,0.9975551911791847,0.9976747547892054,0.0009012907642817636,0.0,18.583590639071645
1400.7430821862458,12.71204033667757,1.0011656855534585,1.0012879106034336,0.0008992469537776878,0.0,18.687757938657796
1400.7639156443001,12.710549532996659,1.002541311273559,1.0026641451499483,0.000898382944264287,0.0,18.70859139671211
1400.784749102122,12.713120731570159,1.0001699406381646,1.0002929219940342,0.0009002332121329224,0.0,18.729424854534045
1400.8055825592446,12.714253421208266,0.9991270617221073,0.9992503505983741,0.0009006057692702675,0.0,18.75025831165658
1400.8264160159024,12.71406551399779,0.9992999945445099,0.9994237387727117,0.0009004077743617089,0.0,18.771091768314363
1400.8472494718621,12.710591086760697,1.002502942314588,1.0026275167485303,0.0008983312392352312,0.0,18.79192522427411
1400.868082927355,12.711205177381878,1.0019360886113509,1.0020610241218808,0.0008985561097015377,0.0,18.812758679767057
1400.88891638215,12.712561057697332,1.0006856398300978,1.0008108485756553,0.0008995746604352338,0.0,18.833592134561968
1400.9097498364795,12.712504117964112,1.000738120595891,1.0008637632703998,0.0008997534333354159,0.0,18.854425588891445
1400.9305832903428,12.712363680706451,1.0008675719362603,1.0009936564621231,0.0008995162797571819,0.0,18.875259042754806
1400.9514167437414,12.712295536874578,1.000930391147408,1.0010569073933202,0.0008997397847378153,0.0,18.896092496153415
1400.972250196441,12.714166213571609,0.9992073160313396,0.9993340357437581,0.0009019192078979664,0.0,18.916925948853077
1400.9930836486742,12.713088242567192,1.0001998696487335,1.0003271350986183,0.0008997762949130597,0.0,18.93775940108617
1401.0139171002106,12.7140187412744,0.9993430445863161,0.9994706186994654,0.0009005000937467712,0.0,18.958592852622587
1401.03475055128,12.713295240200276,1.000009197854067,1.0001372731537133,0.0009003046129206207,0.0,18.97942630369198
1401.0555840018828,12.711940427067177,1.0012578172107536,1.0013864672728645,0.000899085183308344,0.0,19.000259754294802
1401.0764174517894,12.714505468665479,0.9988951470025409,0.999023905541151,0.0009004916367484201,0.0,19.021093204201406
1401.0972509012295,12.713391604657764,0.9999204460310303,1.0000497473896717,0.0009001191505101196,0.0,19.04192665364144
1401.118084350203,12.712130217244365,1.0010828094235549,1.0012126704053206,0.000899185520683939,0.0,19.062760102614902
1401.1389177984788,12.71431181593602,0.9990733265850031,0.9992033335742526,0.0009011859887695227,0.0,19.083593550890782
1401.159751246289,12.714669876304157,0.9987439007252674,0.9988742695765395,0.0009007925499561824,0.0,19.104426998701
1401.180584693634,12.712408138698988,1.000826589926216,1.0009576343912396,0.0008997674254786113,0.0,19.125260446046013
1401.20141814028,12.712127787779997,1.001085049468352,1.0012165298144289,0.0008994330158597418,0.0,19.14609389269208
1401.22225158646,12.712813887320667,1.0004526426095521,1.0005844398637824,0.0009002889496162438,0.0,19.16692733887203
1401.2430850321755,12.711839539289766,1.001350859488143,1.0014831735776368,0.0008991318037561096,0.0,19.187760784587454
1401.2639184771915,12.711228778750082,1.0019143090985883,1.0020470945494475,0.000899274373125165,0.0,19.208594229603477
1401.2847519217412,12.713685962608764,0.9996493906522813,0.9997822701251083,0.0009003291073438649,0.0,19.229427674153158
1401.3055853658261,12.713042230771356,1.0002422574471317,1.0003756083388744,0.0009001122880689986,0.0,19.250261118238086
1401.326418809212,12.71314773787306,1.000145062996318,1.0002787916858205,0.0008999532982421448,0.0,19.271094561624068
1401.3472522521329,12.713127735183075,1.0001634889968798,1.0002976090951414,0.0009000249382955556,0.0,19.291928004544843
1401.368085694588,12.712918447756817,1.000356299936901,1.0004908330926616,0.0008997086231502277,0.0,19.312761446999957
1401.388919136345,12.711518128931097,1.001647333143523,1.001782425805345,0.000899286801320356,0.0,19.333594888757034
1401.4097525776356,12.712631451348182,1.0006207625314187,1.000756100406237,0.000899704618029877,0.0,19.35442833004754
1401.4305860184609,12.71135374577685,1.0017989965148668,1.0019348760485416,0.000898765173094385,0.0,19.37526177087284
1401.45141945882,12.712589228621393,1.0006596759971402,1.0007957810431214,0.0008995890497838742,0.0,19.396095211232023
1401.4722528984812,12.713299468400493,1.0000053035095142,1.0001416975294353,0.0009005346709795756,0.0,19.41692865089317
1401.4930863374439,12.712345673843672,1.0008841713960563,1.0010210617793822,0.0008994329495615347,0.0,19.437762089855823
1401.5139197761737,12.714086612088822,0.9992805762757663,0.9994176214085939,0.0009004683776206667,0.0,19.458595528585647
1401.534753214205,12.712987767256523,1.0002924336088534,1.000429990144722,0.0008997516853594285,0.0,19.47942896661698
1401.55558665177,12.713747308640924,0.9995929102743039,0.999730741170034,0.000900490183703611,0.0,19.500262404181967
1401.5764200888698,12.712027598716139,1.0011774313943367,1.0013158500984638,0.0008996533556334054,0.0,19.52109584128175
1401.5972535252722,12.712070824938442,1.0011375724888827,1.0012763531714892,0.0008990728815536414,0.0,19.541929277684176
1401.6180869612076,12.71393196703174,0.9994229173039003,0.9995618253392283,0.0009005863375863229,0.0,19.562762713619577
1401.638920396445,12.712824450739395,1.0004429089848241,1.0005823223845856,0.0009006104526916313,0.0,19.58359614885694
1401.659753831449,12.714806321153556,0.9986183961154766,0.9987579163857906,0.0009022931848732578,0.0,19.60442958386102
1401.680587265755,12.711757135601044,1.0014268615000028,1.001567134465243,0.000899075250163191,0.0,19.62526301816706
1401.701420699363,12.713318926829578,0.9999873816995649,1.0001278110119367,0.0009001466322191551,0.0,19.646096451775065
1401.722254132737,12.71444731770046,0.9989486482785018,0.9990892875124806,0.0009007747090659115,0.0,19.666929885148875
1401.743087565414,12.713814504651264,0.9995310475706793,0.9996721229818689,0.0009003365166436965,0.0,19.68776331782601
1401.7639209976246,12.71230761545036,1.000919256079533,1.0010608802802117,0.0008996749091288505,0.0,19.708596750036577
1401.784754429136,12.712508487209792,1.0007340934096443,1.000876042382258,0.0009003862164913142,0.0,19.72943018154797
1401.8055878604155,12.71265297453598,1.0006009268337355,1.0007432060233894,0.0009013179417799774,0.0,19.75026361282744
1401.826421290996,12.713394045582106,0.9999181980380061,1.0000607271983268,0.0009003811568575174,0.0,19.771097043407963
1401.8472547208785,12.712681665391775,1.0005744860487007,1.0007174542164665,0.0008998371698125757,0.0,19.79193047329045
1401.868088150528,12.713833034702926,0.9995139889114786,0.999657148825763,0.0009004638187738807,0.0,19.812763902939878
1401.888921579478,12.71487879875824,0.9985517362276259,0.9986950994503064,0.0009009161297458727,0.0,19.833597331889905
1401.9097550079641,12.713091705229653,1.0001966797864037,1.0003406190509534,0.0008998839778341105,0.0,19.85443076037609
1401.9305884357505,12.71292407777867,1.0003511126610196,1.0004954122598517,0.0009003171731723598,0.0,19.87526418816242
1401.9514218630716,12.714794743179839,0.99862904514711,0.998773432052089,0.0009008653613407653,0.0,19.89609761548354
1401.9722552899275,12.714353237763326,0.9990352117526696,0.999179991416602,0.0009008575277329627,0.0,19.916931042339456
1401.9930887163168,12.715192969899558,0.9982628347865348,0.9984078344786359,0.0009012077184318335,0.0,19.9377644687288
1402.013922142009,12.71330648339878,0.9999988424439282,1.0001444250149927,0.0009004888539895856,0.0,19.95859789442102
1402.0347555672333,12.713842966227453,0.9995048461268385,0.9996506855208549,0.0009002823770202138,0.0,19.9794313196453
1402.0555889919933,12.713760811631932,0.999580478700145,0.9997266560781776,0.0009001944826468952,0.0,20.000264744405285
1402.076422416288,12.71284437696567,1.0004245482920868,1.000571174511848,0.0009004022671143185,0.0,20.021098168700064
1402.097255839884,12.714745818662735,0.9986740455296977,0.9988207382102744,0.0009009547664813115,0.0,20.041931592295896
1402.118089263014,12.713400308324935,0.9999124303271787,1.0000596265155524,0.0008999799132024136,0.0,20.062765015426066
1402.138922685679,12.712495353671311,1.0007461987987414,1.0008938377792311,0.000899527003313964,0.0,20.08359843809103
1402.159756107645,12.71477003897964,0.9986517676209641,0.9987994151811784,0.0009014900653103315,0.0,20.104431860057048
1402.1805895291445,12.714175956809616,0.9991983493311666,0.9993463936282918,0.0009005142157175815,0.0,20.125265281556494
1402.2014229501792,12.713294801472031,1.0000096019415112,1.0001580808016957,0.0008999675067674949,0.0,20.14609870259119
1402.2222563707478,12.713154003691361,1.0001392911438831,1.000288101848271,0.000899981768626337,0.0,20.166932123159768
1402.2430897906195,12.71329534553303,1.0000091008381264,1.0001582029014577,0.0009000240230843088,0.0,20.187765543031446
1402.2639232100241,12.714684795812,0.9987301767055496,0.9988793965976394,0.0009009796565462514,0.0,20.2085989624361
1402.2847566289634,12.712955722593552,1.0003219569007882,1.0004717218109038,0.0009001051017329594,0.0,20.229432381375318
1402.305590047204,12.714972698675012,0.9984653801956147,0.9986151719509572,0.0009010889047990383,0.0,20.250265799616045
1402.3264234652115,12.714491571806372,0.998907932423067,0.9990580936962117,0.0009006415068070018,0.0,20.271099217623487
1402.347256882521,12.713326172660757,0.9999807081488985,1.000131332320704,0.0009008994649644402,0.0,20.29193263493289
1402.3680902991318,12.713434965882362,0.9998805128418541,1.0000314217070683,0.0008997935460927698,0.0,20.312766051543804
1402.3889237155104,12.715845459852753,0.9976630935369353,0.9978139650412494,0.0009016106546827868,0.0,20.33359946792234
1402.40975713119,12.71498454800072,0.9984544833710597,0.9986057702815455,0.000900792076244337,0.0,20.35443288360193
1402.430590546404,12.713460313832627,0.9998571695789641,1.0000089633523837,0.0009000849645974235,0.0,20.37526629881586
1402.4930907887865,12.7158745315404,0.9976363804537697,0.9977887072149334,0.0009013733409312227,0.0,20.43776654119847
1402.5139242019045,12.714926296043002,0.9985080539238094,0.9986608004482443,0.0009011722820408555,0.0,20.45859995431647
1402.5347576145582,12.715709157914088,0.9977883467514242,0.9979412678280561,0.0009016503314735302,0.0,20.47943336697017
1402.5764244468478,12.715304517817032,0.9981602791014731,0.9983138212482853,0.0009014144275201255,0.0,20.521100199259763
1402.5972578578705,12.716187035861655,0.9973492749712762,0.9975029714506849,0.0009013650695931287,0.0,20.541933610282513
1402.618091268195,12.715641387147722,0.9978506298281962,0.998004680980826,0.0009013766319182779,0.0,20.562767020606998
1402.65975808768,12.716211816871308,0.997326511578242,0.9974810309099645,0.0009015916835140249,0.0,20.604433840092042
1402.7430917198985,12.713519461833135,0.999802701521933,0.9999586836053196,0.0009003640234236526,0.0,20.687767472310497
1402.76392512673,12.712524299108274,1.0007195195282506,1.0008759101236286,0.000899527785290974,0.0,20.708600879142068
1402.7847585330965,12.713405405036085,0.9999077365048226,1.0000642636799588,0.0009000931502526669,0.0,20.729434285508432
1402.8055919387648,12.712995483353437,1.0002853247679595,1.0004421727763455,0.0009009479691716995,0.0,20.75026769117676
1402.826425343967,12.713476153569774,0.9998425828320585,0.9999996212087762,0.0009003856461198495,0.0,20.77110109637897
1402.847258748703,12.711926414026276,1.0012707400157845,1.0014282610460832,0.0008995532187211979,0.0,20.791934501115065
1402.868092152742,12.712907618030068,1.0003662780875444,1.0005239131179298,0.0009006987632105319,0.0,20.812767905154033
1402.888925556547,12.712559960416348,1.000686651156672,1.0008445912247579,0.000899680933083706,0.0,20.833601308959032
1402.9097589596536,12.71081128331494,1.0022996467909553,1.002458094583465,0.0008997148494800379,0.0,20.85443471206554
1402.930592362295,12.711463884816474,1.0016973773713964,1.0018559811242782,0.0008990933139061872,0.0,20.87526811470707
1402.9514257642381,12.71260664970947,1.0006436201260942,1.000802306118897,0.0009001060168321521,0.0,20.896101516650106
1402.972259165715,12.711029785967217,1.0020979559064624,1.0022571201606059,0.0008991006660494166,0.0,20.916934918127026
1402.9930925667259,12.713452208152376,0.9998646341479182,1.0000236889389746,0.0009004102068691129,0.0,20.93776831913783
1403.013925967271,12.71141804400573,1.0017396708760942,1.001899267837863,0.0009000631075856794,0.0,20.958601719682974
1403.034759367352,12.713081579875475,1.0002060074599302,1.0003656017840095,0.0009005306265001235,0.0,20.979435119764048
1403.0555927667335,12.713091394603154,1.0001969659402918,1.0003567987066746,0.0009001418019207243,0.0,21.000268519145493
1403.076426165649,12.713624156204247,0.9997062981155773,0.9998662904227117,0.0009004391776374441,0.0,21.02110191806105
1403.0972595641,12.711572004613831,1.00159763129622,1.0017581628706558,0.0008993300816508993,0.0,21.04193531651208
1403.1180929620841,12.712641031590149,1.0006119333639951,1.0007725414831594,0.0008997209936885012,0.0,21.062768714496087
1403.13892635937,12.712169719535918,1.001046387735249,1.001207298398797,0.0009001329299793612,0.0,21.083602111782056
1403.15975975619,12.71318504842624,1.0001106943124363,1.0002716853449223,0.0009002755890005605,0.0,21.10443550860191
1403.180593152545,12.712480662907549,1.0007597396803967,1.0009210642970496,0.0009000226538251744,0.0,21.12526890495701
1403.2014265484345,12.713892298222301,0.9994594332102007,0.9996207752054649,0.0009007922609888621,0.0,21.14610230084645
1403.2222599436245,12.710804263825686,1.0023061268680793,1.002468154218376,0.0008994647610080051,0.0,21.16693569603649
1403.2430933385826,12.71435051606208,0.9990377161167855,0.999199438376626,0.0009006781291123843,0.0,21.187769090994607
1403.2639267328425,12.712218037240351,1.0010018399095049,1.001164102000232,0.0008993542091427309,0.0,21.20860248525446
1403.2847601264034,12.712831675819334,1.000436251515073,1.0005986418625683,0.0009000328886087221,0.0,21.229435878815366
1403.305593519731,12.7115577335281,1.0016107965379633,1.0017735959130665,0.0008992818246839298,0.0,21.250269272142987
1403.3264269123606,12.714680406266705,0.9987342145005403,0.9988967622563968,0.0009011494672147004,0.0,21.27110266477257
1403.3472603045234,12.712010893965632,1.0011928352721753,1.0013559978228457,0.0008996518631979243,0.0,21.291936056935356
1403.3680936962219,12.711380409806461,1.001774394157508,1.0019378644324706,0.0008988921183004562,0.0,21.312769448633844
1403.3889270872219,12.713120260373568,1.0001703747001085,1.0003337940196744,0.0008999460829106473,0.0,21.33360283963384
1403.409760477989,12.711924268545939,1.0012727185892145,1.0014365272242924,0.0008992717663181233,0.0,21.354436230401006
1403.4305938680575,12.712592390910311,1.0006567615042996,1.0008206766227905,0.000899685342424476,0.0,21.375269620469453
1403.45142725766,12.711285614735985,1.001861862383765,1.0020261805895525,0.0008988996292131227,0.0,21.39610301007201
1403.4722606465639,12.713005181888299,1.0002763895784332,1.0004406512852437,0.0009000082425430884,0.0,21.41693639897585
1403.4930940352351,12.71330481253878,1.0000003813622624,1.000164799408997,0.000900091784071729,0.0,21.437769787647085
1403.5139274232074,12.712225221041075,1.0009952167777332,1.001159998439312,0.0008995503293390913,0.0,21.458603175619373
1403.534760810716,12.71331705432661,0.999989106318258,1.0001539203832972,0.000900251632985653,0.0,21.479436563128047
1403.5555941975244,12.711568637925414,1.001600737089651,1.001766013302641,0.0008989070665562167,0.0,21.50026994993641
1403.5764275841,12.71190028653254,1.0012948351962212,1.0014602555771872,0.0009002684143994592,0.0,21.521103336511942
1403.597260969978,12.712329281259343,1.000899282987591,1.0010648307699397,0.0008993335284026125,0.0,21.54193672238989
1403.638927740335,12.714100356424076,0.9992679264624303,0.9994335838406101,0.0009007719192471798,0.0,21.583603492746988
1403.6597611245834,12.713311236830165,0.9999944643864798,1.000160429330778,0.0009002414204298873,0.0,21.60443687699535
1403.680594508365,12.713748226751314,0.9995920650079833,0.9997581483969485,0.0009001638263173811,0.0,21.625270260776915
1403.7014278919141,12.713986598207173,0.9993726304341595,0.999538860735725,0.0009004575377774705,0.0,21.646103644326104
1403.7222612745318,12.714304328084818,0.9990802167837198,0.9992465799488889,0.000900798678970835,0.0,21.666937026943742
1403.743094656917,12.714526926192272,0.9988754059204169,0.9990419146304002,0.0009014906121092176,0.0,21.687770409329005
1403.7639280386034,12.713327691948802,0.9999793088608728,1.0001461796171929,0.0008999117838744969,0.0,21.70860379101532
1403.7847614198245,12.714350392800968,0.9990378295352251,0.999204719229197,0.0009003884221993142,0.0,21.72943717223643
1403.8055948005795,12.71218905593788,1.0010285597740136,1.0011959565977118,0.0008994688968536908,0.0,21.750270552991424
1403.8264281808688,12.712561234867326,1.0006854765386333,1.0008529886888053,0.0008993751408165795,0.0,21.771103933280756
1403.847261560693,12.713534453948142,0.9997888960933823,0.999956428884667,0.0009005176149360283,0.0,21.79193731310488
1403.8680949398185,12.715016121327182,0.9984254486286793,0.9985929216281487,0.0009009030367596876,0.0,21.812770692230515
1403.888928318478,12.71414812163184,0.9992239662536646,0.9993917401912524,0.0009004970716559859,0.0,21.833604070890033
1403.909761696672,12.714235348955572,0.999143692490181,0.999311618116869,0.0009006575384715564,0.0,21.85443744908389
1403.9305950741682,12.714934386890107,0.9985006131238613,0.9986685939145009,0.0009008291463856973,0.0,21.875270826580163
1403.951428451197,12.715369588165366,0.9981004591465902,0.998268533984334,0.0009011469148346825,0.0,21.896104203608957
1403.9722618279943,12.712517116296933,1.0007261399239409,1.0008948168840266,0.0008998874846276368,0.0,21.916937580406284
1403.9930952038608,12.714586367058944,0.9988207219241406,0.9989892355686395,0.0009004223888107925,0.0,21.937770956272743
1404.013928579494,12.713745363124676,0.999594701433134,0.999763501814282,0.000900284978641155,0.0,21.958604331905917
1404.0347619546606,12.712389480931634,1.0008437887172659,1.0010129545626405,0.00089908282211678,0.0,21.97943770707252
1404.0555953291291,12.713503465049248,0.9998174323059833,0.9999865772296479,0.000899873636285053,0.0,22.000271081541086
1404.0764287031325,12.713947701527253,0.9994084337660069,0.999577660174214,0.0009006429226576086,0.0,22.021104455544446
1404.0972620766702,12.712729352557123,1.0005305402790763,1.0007001057173235,0.0008997321910196346,0.0,22.041937829082144
1404.118095449509,12.713127915290197,1.0001633230849825,1.0003329734436652,0.0008999932797470573,0.0,22.062771201920896
1404.138928821882,12.713966534706096,0.9993910981789235,0.9995607627751868,0.0009003706381299386,0.0,22.083604574293986
1404.15976219379,12.713324474023242,0.9999822726229096,1.0001521810741818,0.0009002457490638976,0.0,22.10443794620187
1404.1805955652326,12.711970250770449,1.0012303143921246,1.0014005767515424,0.0008992826800880223,0.0,22.125271317644547
1404.2014289362078,12.712230274892152,1.0009905573872138,1.0011609189731383,0.000899183486123014,0.0,22.146104688619744
1404.2222623064865,12.71415950240102,0.9992134923672182,0.9993836894421065,0.0009005452576814513,0.0,22.166938058898495
1404.2430956765315,12.71560510443105,0.9978839761755575,0.9980540827280404,0.0009016172528856025,0.0,22.187771428943506
1404.2639290456445,12.714385537547754,0.9990054916955735,0.9991759237019552,0.000900577885697285,0.0,22.208604798056513
1404.284762414526,12.713730477464809,0.9996084061697612,0.9997790735704827,0.0008999955969381779,0.0,22.229438166938053
1404.305595782941,12.715557471839244,0.9979277555416257,0.9980982664969212,0.0009019650819753751,0.0,22.250271535353022
1404.4930960742304,12.715219295891064,0.9982386300670235,0.998410287339674,0.000900872222344339,0.0,22.437771826642347
1404.5555961622476,12.716106474426088,0.9974232808577653,0.9975951293881012,0.0009014124104473065,0.0,22.500271914659606
1404.743096397658,12.71124222141339,1.0019019043235753,1.0020754249967607,0.0008990767655320346,0.0,22.687772150070032
1404.7639297546639,12.713026916425932,1.0002563659970751,1.0004296924780227,0.000899814446619073,0.0,22.708605507075845
1404.784763110972,12.712289517261828,1.0009359405893627,1.0011094738711661,0.0008996267758011885,0.0,22.729438863384075
1404.8055964668147,12.713074539149327,1.000212493565296,1.000385988582514,0.0009001604295603641,0.0,22.750272219226645
1404.826429822192,12.712511529742988,1.000731289079807,1.0009049594725108,0.0008999332177841282,0.0,22.771105574604007
1404.8472631771028,12.713443474722874,0.9998726768772431,1.0000462817586695,0.0009009531495268193,0.0,22.7919389295148
1404.8680965315484,12.713063855854099,1.0002223353831183,1.000396082680897,0.0009000202642275014,0.0,22.812772283960385
1404.888929885295,12.713344012141908,0.9999642778315152,1.0001380601697696,0.0009000113748771435,0.0,22.833605637707024
1404.909763238576,12.713331266502102,0.9999760166491564,1.000149879077903,0.0009005409348588825,0.0,22.854438990988
1404.9305965913925,12.711350278390551,1.0018021958460168,1.0019764521581396,0.0008989833151163921,0.0,22.875272343804454
1404.9514299437428,12.714408146309413,0.9989846891822202,0.9991585297502436,0.0009014414581954872,0.0,22.89610569615479
1404.9722632953935,12.711919315726961,1.0012772861202708,1.0014515983311112,0.0008994796867333118,0.0,22.9169390478055
1404.9930966465795,12.71147346569698,1.0016885381151504,1.0018629928211038,0.0008987156428864972,0.0,22.937772398991456
1405.0139299972993,12.713712127196388,0.9996253009159264,0.999799465224275,0.0009005010946912279,0.0,22.958605749711296
1405.0347633475535,12.712089777714482,1.0011200966319442,1.0012945885981983,0.0008996908245467881,0.0,22.979439099965475
1405.0555966971106,12.714507973083418,0.998892842899546,0.9990670119175865,0.0009012232039634984,0.0,23.000272449522527
1405.076430046433,12.712997590803333,1.0002833831829339,1.000457858185743,0.0009002885111186434,0.0,23.02110579884493
1405.0972633950573,12.71201081989059,1.0011929035791942,1.0013675989906299,0.0008998671771223707,0.0,23.041939147469293
1405.1180967432174,12.713409005987518,0.9999044202174859,1.0000789506728018,0.0009010008829840004,0.0,23.06277249562936
1405.1389300906776,12.713740078171053,0.9995995670943074,0.9997741023707966,0.000900477148271779,0.0,23.083605843089572
1405.159763437905,12.712579854206897,1.000668315885014,1.0008430940459614,0.0009000387146059558,0.0,23.104439190316953
1405.1805967844339,12.71330564065641,0.9999996186377375,1.0001743344229486,0.0009001810333078897,0.0,23.12527253684584
1405.201430130497,12.714147742471981,0.9992243152018545,0.9993989480904867,0.0009006807033680741,0.0,23.14610588290907
1405.2222634760956,12.714388348416058,0.9990029053682277,0.9991775502949115,0.0009008763844338296,0.0,23.166939228507545
1405.243096820995,12.713163235242476,1.0001307874229104,1.0003056784977424,0.0009000896798747535,0.0,23.187772573407074
1405.2639301654294,12.713282650015161,1.0000207940169845,1.000195713006829,0.00090089583408355,0.0,23.208605917841396
1405.284763509398,12.713943835581231,0.9994119923338437,0.9995868501387719,0.0009014220327637432,0.0,23.229439261810057
1405.3055968529002,12.714214460382136,0.9991629152876442,0.9993377729900756,0.0009008549361147728,0.0,23.250272605312148
1405.3264301959366,12.711988830898408,1.0012131805541795,1.0013884388069552,0.0008996159639107569,0.0,23.271105948348577
1405.3472635382745,12.713566506781437,0.9997593810107569,0.9999344246491537,0.0009004715441345631,0.0,23.291939290686514
1405.3680968803797,12.712911668367646,1.0003625462293335,1.0005377335461445,0.0008998052268118868,0.0,23.31277263279162
1405.3889302217876,12.713792912110108,0.9995509259074233,0.9997260073149906,0.0009008533371068553,0.0,23.3336059741996
1405.4097635624962,12.71364660188252,0.9996856311672936,0.9998607705822248,0.0009006017702510565,0.0,23.354439314908177
1405.430596902971,12.71410321798745,0.9992652927980855,0.9994403911534158,0.000900811827767531,0.0,23.375272655383014
1405.4514302427485,12.713510126324667,0.9998112981835082,0.9999865229954025,0.0009009602874265661,0.0,23.396105995160497
1405.4722635820608,12.714395994829712,0.9989958698079104,0.9991709806500161,0.0009009897861653709,0.0,23.416939334472772
1405.4930969209058,12.713359549463997,0.9999499680426125,1.0001252732759052,0.0009003186426326477,0.0,23.437772673317795
1405.5139302592866,12.713704925169717,0.9996319317641233,0.9998072065656611,0.0009004745529200762,0.0,23.45860601169852
1405.5347635969679,12.713257622889973,1.0000438455961338,1.0002192161393009,0.0009003514816896328,0.0,23.479439349379845
1405.5555969341845,12.71401280392979,0.999348509505175,0.9995237797960987,0.0009007581484134893,0.0,23.500272686596418
1405.5764302709345,12.713469164768922,0.9998490187629533,1.0000243967125977,0.0009002244277118514,0.0,23.52110602334642
1405.5972636072183,12.713283496893922,1.000020013996906,1.0001954400024786,0.0008998574351936076,0.0,23.541939359630305
1405.6180969430384,12.714494141649155,0.9989055680980208,0.9990808148312953,0.000900827769973194,0.0,23.56277269545035
1405.6389302781586,12.711898680209398,1.0012963165912843,1.0014719971996353,0.0008993248641476236,0.0,23.583606030570536
1405.6597636128135,12.715791605597381,0.9977125804521804,0.9978876448624303,0.0009016619639329585,0.0,23.604439365225517
1405.6805969470033,12.711538771875189,1.0016282891499224,1.0018040514413062,0.0008994289310936519,0.0,23.62527269941529
1405.7014302804942,12.712578237258477,1.0006698061459554,1.0008454092248646,0.0008998390329608777,0.0,23.64610603290612
1405.7222636137521,12.712354466604957,1.0008760658360512,1.0010517122717564,0.0008999712953737075,0.0,23.666939366164115
1405.7430969463112,12.71370186840562,0.9996347461156079,0.999810180043874,0.0009006688735793036,0.0,23.687772698723165
1405.7639302784046,12.712572331362994,1.0006752493349504,1.0008508693910234,0.0008999709413999258,0.0,23.708606030816554
1405.7847636100337,12.713627904814915,0.9997028465375514,0.9998782976362028,0.0009003496540704341,0.0,23.729439362445646
1405.805596940963,12.71321301424991,1.0000849343175098,1.0002604523571947,0.0008999606568108259,0.0,23.750272693374882
1405.8264302714265,12.713783409206412,0.9995596745129444,0.9997350984342512,0.0009004008603478037,0.0,23.771106023838456
1405.8472636016586,12.716046630431972,0.9974782587038766,0.9976533135913038,0.0009018872832576364,0.0,23.791939354070564
1405.868096930958,12.713104096501867,1.0001852648234058,1.0003607892122068,0.0009002444582554641,0.0,23.812772683369985
1405.888930260025,12.714633140523505,0.9987776937013199,0.9989529636937138,0.0009011287427825596,0.0,23.83360601243703
1405.9097635883932,12.71532292976988,0.998143352407782,0.9983185018941868,0.0009010429701261502,0.0,23.85443934080513
1405.9305969165284,12.714866995386808,0.9985625918489562,0.9987378038934585,0.0009008915010242214,0.0,23.875272668940397
1405.9514302439666,12.713274014944975,1.0000287474075462,1.0002042038677865,0.0009000191413774441,0.0,23.896105996378537
1405.972263570705,12.71364217548182,0.9996897067596682,0.999865089079622,0.0009007995210611652,0.0,23.91693932311705
1405.9930968972105,12.714813453346318,0.9986118362204732,0.9987870129876333,0.0009011875631680633,0.0,23.937772649622502
1406.0139302230186,12.71498537607709,0.9984537218635717,0.9986288526271183,0.0009010921603946747,0.0,23.9586059754306
1406.0347635483604,12.715412940316863,0.9980606069815057,0.9982356487176093,0.0009020508113812103,0.0,23.979439300772356
1406.055596873236,12.71606384731853,0.9974624414788563,0.9976373564320249,0.0009016479096628036,0.0,24.000272625647995
1406.1180968446051,12.716033294207772,0.9974905109206985,0.9976653542877111,0.0009018319041774899,0.0,24.0627725970171
1406.1389301673862,12.714561426013484,0.9988436666496217,0.9990187180331964,0.0009007032046077899,0.0,24.083605919798174
1406.1597634896998,12.715136287956273,0.9983149514555414,0.9984898792113124,0.0009010332514895053,0.0,24.104439242111766
1406.180596811317,12.715926380678576,0.9975887396444877,0.9977635073919343,0.0009015829643705595,0.0,24.125272563728913
