time,nflux,enflux,n_lc
0.0,0.9950254550604365,0.0004145353938163611,1
0.02083370372747595,0.9957472257337461,0.0004125343953426739,1
0.04166740955156456,0.9967893081981258,0.00041074734356236274,1
0.06250111723875307,0.997344746040662,0.00040928211937236254,1
0.08333482667057979,0.9991023994876698,0.00040757163765835664,1
0.10416853773267576,0.9985159307503386,0.00040657512229151443,1
0.12500225054100156,0.9996446200430481,0.00040536326600464144,1
0.14583596486272654,0.9996664163570208,0.00040445221440628816,1
0.1666696805805259,1.0007303022156422,0.00040330319304068233,1
0.1875033976962186,0.9996725237930754,0.00040274955272336387,1
0.2083371160929346,0.9998845788284296,0.00040196824535501717,1
0.22917083577067388,1.0001740271460478,0.0004012405980831377,1
0.25000455649524156,1.0006615008501418,0.00040052822840645075,1
0.2708382783835077,1.0007125263309227,0.0004001174980409422,1
0.2916720012035512,1.0004015688813608,0.00039998570987173334,1
0.31250572507042307,1.0008371457062761,0.0003995309153003158,1
0.33333944975356644,1.0010701666498483,0.0003992562132752338,1
0.35417317525161707,1.0018295280336074,0.0003987074025635797,1
0.3750069015641202,1.0011313758619127,0.0003985707804485929,1
0.39584062857557,1.00206909265564,0.0003980733678325471,1
0.41667435628551175,1.00053451255863,0.00039817583521491265,1
0.4375080845766206,1.0013121156891063,0.00039785214466666214,1
0.45834181345003344,1.000811536436736,0.0003980523624540866,1
0.4791755427895623,1.0006009018918733,0.00039807631353321987,1
0.5000092725940704,0.9982873654459047,0.000398588585729374,1
0.520843002980655,1.0009235465988917,0.0003980397257315791,1
0.5416767337180772,1.0007467463730904,0.00039809807124975154,1
0.5625104646874206,1.0015078631231145,0.0003979933168642951,1
0.5833441961217432,1.0001868797401576,0.0003983229038989568,1
0.6041779279062212,1.0004989130225805,0.0003982463640445809,1
0.6250116598066597,0.9981391481258906,0.00039889089610824685,1
0.6458453920554348,1.000420199847007,0.0003983726533190915,1
0.6666791244219894,1.0011336024899928,0.0003982223468459778,1
0.6875128570209199,1.0002223180849328,0.00039844484841543504,1
0.7083465897364931,1.001512870603661,0.0003982309691712719,1
0.7291803225689364,1.0004116728961516,0.0003985139948702185,1
0.7500140556339829,1.001237698804182,0.00039837247418930943,1
0.7708477885817047,0.9974798183706733,0.0003992278174315913,1
0.7916815217631665,1.0005472068492887,0.00039853132478703454,1
0.8125152548277583,1.0010932390666478,0.0003984717378676122,1
0.8333489880074012,1.0007605967309088,0.00039858947945837695,1
0.8541827211890904,0.9980342070828386,0.000399230298956775,1
0.8750164542550465,1.0004872739602715,0.0003987119906651682,1
0.8958501874353715,0.9961094865031658,0.00039963773894311383,1
0.9166839203840027,1.000385054383211,0.0003988870477577848,1
0.9375176534485945,0.9999994383170407,0.0003989170732910978,1
0.9583513862799009,0.9985364989609067,0.000399247600328563,1
0.9791851191121168,1.0014505437125438,0.000398675636099663,1
1.0000188517110473,1.0013176351370288,0.0003987742967359573,1
1.020852584309523,0.9992530559162807,0.00039919952046448454,1
1.0416863166765324,0.9999959500485722,0.0003990898550905741,1
1.0625200489266717,1.0005767758923427,0.00039901710550444946,1
1.0833537810594862,1.0005147388530016,0.00039900715703162967,1
1.1041875129599248,1.0015105067332633,0.00039876669450947206,1
1.1250212447444028,0.9991127550127284,0.00039941003118679593,1
1.1458549762951407,0.9997756407649158,0.00039926889567245747,1
1.1666887076135026,0.9999693866086267,0.00039938642662144385,1
1.1875224388154493,1.0003525581857264,0.0003992038295976221,1
1.20835616978502,1.000282765764161,0.0003992969799951718,1
1.2291899004055722,1.0006134739939627,0.00039928285535958935,1
1.250023630909709,1.0009303262790785,0.0003991535415582367,1
1.2708573611794236,1.000614095095815,0.0003992663436269374,1
1.291691091101029,1.0003861166535002,0.0003993038652502492,1
1.3125248209062192,0.9986877694348505,0.0003997423948770963,1
1.333358550361936,0.9984800402985297,0.0003997965519068332,1
1.354192279468407,1.0006352563813612,0.000399327026445224,1
1.3750260084589172,0.9987874696783754,0.00039978175893393505,1
1.3958597371001815,1.0005280116625481,0.0003994723958186269,1
1.4166934653926546,0.9998167165119978,0.000399587488697705,1
1.437527193450478,0.9992795660053951,0.0003997627786581665,1
1.4583609212759256,1.0002409168518571,0.0003995903049973244,1
1.4791946487534915,1.0008233848752743,0.0003994867741199625,1
1.5000283758799924,0.9999645079373941,0.0003996972072519682,1
1.5208621026581568,1.0018291579371996,0.00039926367754030643,1
1.5416958292046274,1.000402347327921,0.0003996289008542713,1
1.5625295554009426,1.0010529783894813,0.0003995891918880988,1
1.5833632813646545,0.9995183185673893,0.0003998852179850583,1
1.6041970068615683,1.0004917748867244,0.00039977911299817956,1
1.6250307321270157,1.000839151820565,0.00039964833382428474,1
1.645864457042535,1.0003393117807715,0.000399871096969755,1
1.6666981816090356,1.000007334846273,0.00039987672601710464,1
1.687531905826063,0.9993945589529473,0.0004000472284520753,1
1.7083656296940717,1.0008574773684955,0.000399786849826066,1
1.7291993532135166,1.0012560558672399,0.00039978058659393247,1
1.7500330763825787,1.0007798620454897,0.0003998272471708189,1
1.7708667992023948,1.0012698980122423,0.0003997917660046519,1
1.7917005216731923,1.0007064139036197,0.00039999315507593193,1
1.8125342437951986,1.0005099541446567,0.0003999724709371544,1
1.8333679655675041,1.0007376472805578,0.00040003976052421504,1
1.8542016869905638,1.0001501468726108,0.00040009696903543177,1
1.8750354080650595,1.0009710198040347,0.00040002325616143695,1
1.8958691286736666,1.0005428089729704,0.0004000436923566027,1
1.9167028490496705,0.9999297033274228,0.0004002436427585646,1
1.9375365689591035,1.0001801055010953,0.00040025337753305467,1
1.9583702885197454,1.001154544311416,0.000399978672180062,1
1.9792040077304591,1.0002629222095343,0.0004002630631021783,1
2.0000377264759663,1.0010446407779552,0.00040010875527429215,1
2.020871444988643,1.0005772435747937,0.00040027837241572164,1
2.0417051630365677,1.0005776014505459,0.0004003085507498435,1
2.0625388806183764,1.000235481393461,0.0004004981326087642,1
2.083372597966445,0.9999436599372152,0.00040044638658387835,1
2.1042063148495345,0.999993578620199,0.0004004576822254893,1
2.125040031383378,1.0005144691503334,0.00040034093439454785,1
2.145873747568203,1.0012107516826234,0.00040036660739568907,1
2.166707463286457,0.9998034285314337,0.00040056996845880814,1
2.18754117865592,1.0008346731234694,0.00040053275093153786,1
2.208374893677501,1.0015159918809575,0.00040020794737988155,1
2.2292086082325113,1.0007201278185194,0.00040044530892778155,1
2.2500423224380484,1.0011315535492566,0.00040041611319402664,1
2.27087603629343,0.999945611986052,0.0004006903979902485,1
2.2917097496845145,1.001026664239009,0.0004004825935190144,1
2.3125434627254435,1.0002939745476989,0.00040068331029818617,1
2.3333771753009387,1.00082703672909,0.00040060875389931054,1
2.3542108875276426,1.0009744186491514,0.00040050902686690254,1
2.3750445994051006,1.0004676683556852,0.0004006110389409573,1
2.3958783108171247,1.0013757542781596,0.00040055420813128864,1
2.416712021879448,1.0011199918910425,0.0004005877456308835,1
2.43754573247611,1.0009627857832837,0.0004005644666911278,1
2.458379442723526,1.000875387577141,0.0004006396861671919,1
2.4792131525050536,0.9999898556865264,0.0004008963124293797,1
2.50004686193779,1.0007910170839234,0.00040073455203358825,1
2.520880571019461,1.0011605743827843,0.00040069885338159136,1
2.5417142796381995,1.0001475954689811,0.00040097019462155645,1
2.5625479879072373,1.0013178640237597,0.0004006413693126838,1
2.583381695709477,1.0003811962945584,0.00040098173071365074,1
2.60421540304651,1.0013840518939203,0.0004007249453732847,1
2.6250491101509397,1.0002630101995869,0.00040094879660329265,1
2.6458828166723833,1.001338678583862,0.00040076342631089934,1
2.6667165229621332,1.000954672852185,0.00040090440233158335,1
2.687550228668897,1.0009089322205835,0.000400934108115497,1
2.708383934027097,1.0008709568397722,0.0004009630408647492,1
2.7292176390365057,1.0012406743216005,0.00040098268275540736,1
2.750051343579571,1.00074032083298,0.00040104028929618604,1
2.7708850477729356,0.9999326884330701,0.00040121996079593546,1
2.791718751501776,1.000797780493012,0.0004010440990689349,1
2.812552454880006,1.0002207423120963,0.00040130336571838753,1
2.833386157793484,1.0008329699297802,0.0004011348217068146,1
2.854219860357034,1.0014433569701087,0.000401038281805415,1
2.8750535624553777,1.000732245389972,0.0004011935279340207,1
2.8958872642051574,1.0009735679639478,0.0004011809250794169,1
2.9167209654897306,1.0005318779697054,0.0004012862088348871,1
2.937554666423239,1.0013443277533787,0.0004010964207988234,1
2.9583883668915405,1.0006995509394343,0.0004012568690466354,1
2.979222066893726,1.0003333001244665,0.00040133789459870304,1
3.0000557665471206,1.0008017938205864,0.0004012556249463138,1
3.020889465851724,1.001264052915855,0.0004012294427827672,1
3.0625568630639464,0.9958761529828563,0.0004026031766477231,1
3.083390561087981,0.9964723894554832,0.00040228723041544446,1
3.1458916525984932,0.9960216358103016,0.000402570476434926,1
3.18755904492059,0.9967380230419962,0.00040247006430588526,1
3.208392740383033,0.9965297544015554,0.00040253121952329903,1
3.2292264354971394,0.998726783886815,0.00040196649913583436,1
3.2500601301460392,1.0006252010392493,0.00040156021667051304,1
3.291727518393145,0.9970677335646764,0.00040240759260780096,1
3.312561211760567,0.995943285716676,0.00040270676355819705,1
3.3333949047780607,0.9965731965030127,0.0004025678484949618,1
3.354228597446763,0.9993174747294331,0.00040195564158484163,1
3.3750622896500317,0.9969638720007828,0.0004024924205153012,1
3.395895981388094,0.9994602405597487,0.00040200914928666413,1
3.4167296727766825,0.9986365696266761,0.0004022239636682392,1
3.4375633638155705,0.9980469282486158,0.0004024122284113266,1
3.4583970542721545,0.9957941312001741,0.0004028737222240116,1
3.479230744495908,0.9962834805605758,0.0004028248489413925,1
3.5000644341380394,0.997825154835084,0.0004024449048324818,1
3.52089812343047,0.9966008087980306,0.00040271788369253253,1
3.5417318123741097,0.9996812328431225,0.0004020609471890338,1
3.562565500852088,0.9980967580460561,0.0004025711672075546,1
3.583399188865087,0.9972834717459954,0.00040270604358887585,1
3.604232876527476,0.9989319651051243,0.0004023245630290611,1
3.625066563725113,0.9979750656729777,0.000402540848582597,1
3.6459002504566342,0.997372641950483,0.00040273409090295224,1
3.6667339368382272,0.9986759653092611,0.00040243120829724785,1
3.6875676228714838,0.9986729550355772,0.0004025181984418699,1
3.708401308439079,0.9980801434016553,0.0004026262932556684,1
3.729234993541013,0.9996351311856712,0.000402546867521861,1
3.7500686782941557,0.9992268966777524,0.00040238300296652213,1
3.7709023625807276,0.9994203880209919,0.0004024345593815385,1
3.791736046402093,1.0007260998920706,0.0004020812955531968,1
3.8125697298737578,0.9978195862063458,0.0004029210020845095,1
3.833403412880216,0.9996093398135486,0.00040241281180440413,1
3.8542370955365186,1.0007133438334084,0.000402211832361355,1
3.8750707777280695,1.0000672496418932,0.0004023430694086165,1
3.8959044595710566,0.9986645461248558,0.00040263672104064266,1
3.916738140947473,0.9998070765700976,0.0004023849431335678,1
3.9375718218584552,0.999699300749558,0.00040246914495103904,1
3.9584055024201916,0.999612391588485,0.0004025708428541375,1
3.9792391825160394,0.9989329576864967,0.00040277165947059213,1
4.000072862262641,1.0005075542532595,0.0004024108491758338,1
4.020906541543582,0.9991124162961652,0.00040265591404041733,1
4.041740220358406,0.9990703112630644,0.00040267012856795743,1
4.062573898825576,1.0005112455550116,0.00040239159285124416,1
4.083407576942591,1.000426544275159,0.0004025795314844292,1
4.104241254477529,1.000065540635709,0.0004026555642889632,1
4.125074931662766,1.000262209408043,0.00040257856815490334,1
4.145908608499212,0.9998097375005425,0.00040274786498691864,1
4.166742284869542,0.9999892505085012,0.0004025855140602823,1
4.187575960774211,0.999923327337852,0.00040272151252476843,1
4.208409636213673,0.9998715761748906,0.00040262814561501867,1
4.229243311420532,0.9983917792702243,0.0004029799361035439,1
4.250076986046224,1.0000036863966977,0.0004027882536997984,1
4.270910660321533,0.9999960380549727,0.00040270725307070944,1
4.291744334130499,0.9997485792944361,0.0004027548784397529,1
4.312578007590673,0.999457228353291,0.00040291444083601975,1
4.333411680584959,0.9992678062563105,0.000402924489111516,1
4.354245353113583,1.0007677544185793,0.0004026056736379803,1
4.375079025292962,0.9999512347751941,0.00040284408708699893,1
4.395912697008043,1.0002275919378565,0.00040277234851267133,1
4.416746368372969,1.0003425071654033,0.0004027899289052773,1
4.4375800392731435,1.000630174521573,0.0004027216863681743,1
4.458413709706747,0.9995936415788165,0.0004029929716273074,1
4.479247379790195,0.9999332222383976,0.0004029055219593411,1
4.500081049524397,0.9995018962233657,0.00040304857365442846,1
4.520914718678114,0.9989062405893802,0.0004032363907155763,1
4.541748387481675,1.0002133860748728,0.0004029684940333649,1
4.56258205582003,0.9998917416392596,0.0004030662116276511,1
4.583415723810049,1.0006021626402146,0.0004028829895251553,1
4.604249391332587,0.9990544013942264,0.0004033309044790878,1
4.625083058506107,0.998916141602901,0.00040332926051729053,1
4.645916725214647,1.0004998164825138,0.0004030013214667272,1
4.666750391457072,1.0005992430260404,0.00040295118547670363,1
4.687584057349568,1.0000518723301317,0.0004031133863323216,1
4.708417722777085,0.9999968234613722,0.00040311494993387444,1
4.729251387740533,1.0003310158631238,0.00040308626297157066,1
4.75008505235337,1.0004110569854794,0.00040317375687739057,1
4.770918716500546,1.0007473927257127,0.00040302712615758495,1
4.791752380298476,1.0004667258971847,0.0004030637970944157,1
4.812586043630063,1.0006671928951816,0.0004030798416131592,1
4.833419706497125,1.0007614029734242,0.0004030207117967723,1
4.854253369014714,1.001189897684945,0.00040299496983879087,1
4.875087031065505,1.0001832310097565,0.0004031727683960516,1
4.895920692651998,1.000373126873513,0.0004031926416417994,1
4.916754353889246,1.000171478041105,0.00040323513269800503,1
4.937588014659923,1.0007896773731566,0.00040313034151968707,1
4.958421675081581,1.0001729073685082,0.0004033913124818483,1
4.9792553349220725,1.001168982806522,0.0004030473570685885,1
5.000088994528596,1.000056018425524,0.0004033039767285654,1
5.020922653553043,1.0002382195157442,0.000403389428098507,1
5.041756312228699,0.9996239005087992,0.000403423519024132,1
5.062589970555109,1.0005196730823858,0.00040324652455360174,1
5.083423628300579,1.0006399414760858,0.0004033171258634275,1
5.104257285695439,0.9999017233388471,0.00040343211152195585,1
5.125090942741053,1.0012259489573458,0.0004032030602829084,1
5.145924599320551,1.0006900762445332,0.0004033821733061501,1
5.16675825543507,1.0003127821848876,0.00040348140871925584,1
5.187591911083928,1.0008226851839856,0.00040335508082906863,1
5.208425566383539,1.000841251045696,0.00040331735537580375,1
5.229259221217944,1.0004484055961298,0.000403479652590667,1
5.250092875703558,1.0002152799562622,0.0004035169701874037,1
5.270926529722601,0.9999289144159142,0.0004035625684934961,1
5.291760183275528,1.0006879446427468,0.0004034555606107758,1
5.312593836362566,1.000231576717255,0.0004035933941091868,1
5.333427489101041,1.0003390571689856,0.00040352193008645404,1
5.354261141490497,1.0004633560209621,0.0004035788085414913,1
5.375094793297649,1.0004460427182333,0.0004035799395109951,1
5.395928444756009,1.000469313385482,0.00040361995916160764,1
5.416762095748709,1.0007636221077063,0.0004035490277564467,1
5.437595746391025,1.00065091189006,0.0004035741646735703,1
5.458429396569045,1.000325283489797,0.0004036700155237106,1
5.479263046280721,1.0010854259518622,0.000403541562373506,1
5.500096695642242,1.0004436934757954,0.0004036831525007143,1
5.52093034442305,1.000304286712076,0.0004037038602254758,1
5.541763992970573,1.000475635286066,0.0004037802249098928,1
5.562597640936019,1.0002436335906955,0.00040387262805829894,1
5.583431288553584,1.000614829525983,0.0004036961249883532,1
5.604264935703668,1.000712619789723,0.00040375925403462456,1
5.625098582504506,1.000635093198906,0.0004037938592699937,1
5.645932228840138,1.0003409970662311,0.00040382453107732627,1
5.666765874710109,1.0001234721808656,0.00040393656073529503,1
5.687599520113963,1.0005416209228757,0.0004037983270167147,1
5.708433165169481,1.0001191372707923,0.0004039593399090932,1
5.72926680975911,1.0002946594305837,0.00040394146721440654,1
5.750100453883533,1.000594542432902,0.00040387302010945876,1
5.770934097657573,1.0006738918197302,0.00040384643190662724,1
5.791767740965952,1.0008410588447576,0.00040387457669172793,1
5.812601383810033,1.0011052758697705,0.00040380387833623794,1
5.833435026303505,1.0008932936780242,0.000403945846242249,1
5.854268668331542,1.0008158553193913,0.00040388595496259656,1
5.875102309895055,0.9994116942813008,0.0004041968644446008,1
5.895935950992225,1.0005128427371817,0.00040396358698402364,1
5.9167695917399215,1.000721697798129,0.00040397830886731685,1
5.937603232021502,1.0002848281631647,0.00040403368682758665,1
5.958436871838103,1.0006329706543526,0.0004039749832157315,1
5.979270511305003,1.0002071611000487,0.00040408269119679684,1
6.0001041501900545,1.0010070016036943,0.000403938650183752,1
6.020937788842048,1.001213487598092,0.00040395422407957346,1
6.083438701773048,0.996574071387573,0.00040495690257088174,1
6.104272338679493,0.9988812127223329,0.00040452232149579953,1
6.125105975002953,0.9984261004895323,0.00040461145572713136,1
6.145939610977166,0.9993683369517482,0.0004045110485684466,1
6.166773246487082,0.9998976007974729,0.0004043016875396309,1
6.187606881529518,0.9993051692948534,0.0004045610268527433,1
6.208440516107203,0.9992368249115904,0.0004045160005033275,1
6.2292741503365505,0.9998931687186766,0.00040443889527934677,1
6.250107784099782,0.9997742139951061,0.0004044294502670114,1
6.270941417397125,1.0005380808611029,0.000404276490954784,1
6.2917750503452226,0.9995044254268576,0.0004045670144719281,1
6.312608682710561,1.0008101902449518,0.00040424062363425306,1
6.333442314727108,0.9995021305377095,0.00040457704763296874,1
6.354275946277994,1.0008787012898699,0.0004042963039673012,1
6.375109577480089,0.999612970327659,0.00040462652082715435,1
6.395943208099652,1.0014099090632094,0.0004041819539391748,1
6.4167768383699695,1.0004081823121571,0.0004044000161199929,1
6.437610468175535,1.0001606298144547,0.0004044884880190564,1
6.45844409751453,0.9996527613287147,0.0004046246016985443,1
6.479277726504051,0.9995366352117334,0.0004047233544306478,1
6.500111354911951,1.0005200919345125,0.0004044803914507875,1
6.520944982969922,0.9997164921041319,0.00040465098044130773,1
6.541778610562233,1.000122821387966,0.00040463847103223933,1
6.562612237690246,1.0004042146242635,0.0004045278738226142,1
6.5834458862382235,1.0001355449083968,0.0004046270224364375,1
6.604279512549965,1.0002459618304202,0.0004046239825095704,1
6.625113138396955,1.000213301692053,0.0004046468681644615,1
6.645946763778511,0.9996663329010993,0.00040488088932073396,1
6.666780388693496,1.0006326590403691,0.0004046082616562118,1
6.6876140131430475,1.0006907922547557,0.00040458092054877613,1
6.70844763724358,0.9999952525114725,0.0004047489581716085,1
6.7292812607615815,1.0000541332130304,0.0004047875622492822,1
6.750114883930564,1.000416737652179,0.00040474406927561835,1
6.770948506635023,1.0007882521971616,0.0004046903548312233,1
6.791782128872455,1.0009643289373273,0.00040465458835485215,1
6.812615750760642,1.0007990502551654,0.00040463730210424034,1
6.833449372067207,1.0004191531379323,0.0004047541534180508,1
6.854282993025208,1.0003004800296251,0.00040475643885088617,1
6.8751166133997685,0.9998722803808757,0.0004051167069970673,1
6.895950233425083,0.9995611343700678,0.00040507136477006253,1
6.9167838529861,0.9999416965823168,0.0004049194003324024,1
6.937617472081001,0.9994761814395902,0.00040503664244597934,1
6.958451090826202,0.9984485905287097,0.00040536635139832216,1
6.979284708989553,1.0005204990468517,0.00040481132985073016,1
7.000118326804113,1.0001175731674525,0.00040493431484930827,1
7.02095194403546,1.000370210340884,0.0004049304471178621,1
7.04178556091756,1.001349335720543,0.00040482292639773846,1
7.0626191773351366,1.0012211541039189,0.00040476253149798454,1
7.083452793286142,1.0000946243843423,0.0004050896718890462,1
7.104286408772168,0.9998717202189144,0.00040509995679930213,1
7.125120023792533,1.0003316301911709,0.0004050503424360846,1
7.145953638347237,1.0004077388470585,0.0004049800353852968,1
7.166787252551785,0.9999218368826561,0.00040512709465463333,1
7.187620866174484,0.9999892454456379,0.00040514346857828404,1
7.2084544793319765,0.9994078298079458,0.00040538992982471514,1
7.229288092140678,0.9995265802888393,0.0004052817224904751,1
7.250121704367075,1.0004718000610135,0.0004051372355713281,1
7.270955316243999,0.9994262624026641,0.0004053641864824701,1
7.291788927655489,0.9995035743775547,0.00040545433215176,1
7.31262253860109,1.0000515804992196,0.0004053268905200121,1
7.33345614896416,0.999402637998658,0.00040545780872074,1
7.3542897589782115,0.9996783549455968,0.000405378053489627,1
7.375123368527056,1.000274765476798,0.0004052278631671042,1
7.395956977609103,0.9997636225312104,0.0004053326801090605,1
7.416790586226625,0.9991777481684773,0.000405535944368555,1
7.437624194379168,1.0003812516359905,0.0004052751091360612,1
7.458457802065141,0.9995829205643041,0.0004054537683385764,1
7.479291409168582,0.999910311150622,0.00040541123501575913,1
7.500125015922549,1.0000451293525923,0.0004053305088846547,1
7.52095862221222,0.9993602642681796,0.0004055647585598635,1
7.541792228035092,0.9998828019844898,0.00040551863113936235,1
7.562625833392758,0.9998636603022745,0.0004054519122834503,1
7.583459438284535,0.9995649275418066,0.00040555223619353787,1
7.6042930427120154,0.9994418898708529,0.00040566791516642286,1
7.62512664667247,1.0000887505583442,0.0004055295927044735,1
7.645960250050393,1.0004432577764233,0.00040548179339219137,1
7.666793853079525,1.0007623706965958,0.0004053435648359218,1
7.687627455642996,0.9997568831492267,0.0004056783989685053,1
7.7084610576250725,0.9999147000854253,0.000405577107859398,1
7.72929465925813,1.0001139287083771,0.000405547712669214,1
7.750128260307974,1.0008464604491136,0.0004053951835470795,1
7.770961861009482,0.9996932200170199,0.0004057040143847252,1
7.791795461128686,1.0000098230990018,0.0004056587488290642,1
7.812629060782001,1.000369257539899,0.000405522472367754,1
7.833462660085388,0.9998086800827195,0.0004057008071933766,1
7.854296258807153,1.0003698234124916,0.0004057393226762377,1
7.8751298570634845,1.0011648291560682,0.0004054338689795435,1
7.895963454738194,1.0004655455064926,0.0004055786666802738,1
7.916797052062975,1.0004570032958182,0.0004056609709012996,1
7.93763064892255,1.000750076749379,0.0004056371648053756,1
7.958464245200048,1.000425667176539,0.00040568763722034036,1
7.979297841012112,1.00059773808137,0.00040566210275268943,1
8.00013143635806,0.9999498276341793,0.00040580194835036895,1
8.020965031237665,1.0003567105389117,0.00040581729240392464,1
8.041798625652063,1.0008181328332126,0.00040572547146227754,1
8.062632219601028,0.9999938217606843,0.0004057985010102412,1
8.083465812968598,1.0004024198712969,0.0004058076012428464,1
8.104299405986694,1.0005378105589078,0.0004057551071056652,1
8.125132998421577,0.9993738874223679,0.00040603136227625007,1
8.145966590391481,1.0001030170901115,0.000405925275698954,1
8.166800181779536,1.0000137611613815,0.0004059480635529574,1
8.187633772818117,0.9998682783063196,0.00040593872778517767,1
8.208467363274394,1.0005800588269267,0.0004058398189505491,1
8.229300953264556,0.9998616344040687,0.0004060059633006465,1
8.250134542790647,0.9999819371298908,0.0004059492578578431,1
8.270968131734662,0.9997141564403924,0.00040607727582967054,1
8.291801720328522,0.9999352529754285,0.0004060364665889525,1
8.312635308339395,1.000104419457216,0.00040601111506727994,1
8.333468895769101,1.0000829313131785,0.0004059922261673479,1
8.354302482849562,1.0008638762922104,0.0004058194832120422,1
8.375136069348173,0.9999733674083637,0.0004060772833539133,1
8.395969655381123,1.0001601693633735,0.0004060787615052236,1
8.416803240831996,1.0006626508125116,0.0004061259104839582,1
8.437636825933168,0.9998611561509757,0.0004062226278252762,1
8.458470410453174,1.0001596480579176,0.0004060978874939511,1
8.479303994390193,1.0002250614006964,0.0004060737733628745,1
8.500137577862006,1.0000458075517429,0.00040614544934314175,1
8.520971160867703,1.0004397249315766,0.0004061232341196736,1
8.541804743407056,0.9996958016362271,0.0004062461760335787,1
8.562638325365242,0.9995073095732854,0.00040632759670734277,1
8.583471906859131,1.0008580930454307,0.0004059989891551678,1
8.604305487770034,0.9989833074093831,0.0004064650511287826,1
8.625139068215049,1.0004334399325367,0.00040614508955899657,1
8.645972648193492,1.0004685964122522,0.00040614432322741645,1
8.666806227590087,0.9993365622178739,0.0004064268473817798,1
8.68763980652193,1.000387495940118,0.0004061974167971897,1
8.708473384871013,1.000724755484441,0.00040618082595825325,1
8.729306962755118,1.0005049705693794,0.0004062639803639392,1
8.750140540057146,0.9998062994757546,0.0004064351522919225,1
8.770974116893058,1.0000938868878626,0.00040641004222944705,1
8.791807693263081,1.0006020397176152,0.00040642054753006914,1
8.812641269051483,1.0009224249582045,0.00040614646469244953,1
8.833474844258035,1.0007346455573847,0.0004063057196528749,1
8.854308418998244,1.0004983946706383,0.0004063450389157962,1
8.875141993272791,1.0002141940425902,0.0004065019098838309,1
8.895975566847937,1.0000854644023363,0.0004064719930884768,1
8.916809140076111,0.9995763662137089,0.00040657785511768915,1
8.937642712722209,1.000608574846599,0.0004063856497588225,1
8.958476284785093,0.9996340308044377,0.0004066556217129529,1
8.979309856382542,1.0002268162611931,0.0004064843186312225,1
9.000143427397688,1.000793330683124,0.0004063527810137088,1
9.020976997830076,1.0006687175984272,0.00040643677583390996,1
9.062644137183042,0.9975560666416627,0.00040719014956149745,1
9.083477706103167,1.0004659153079076,0.0004064873553217091,1
9.104311274442125,0.9999844779087271,0.00040678786590688226,1
9.125144842196732,0.9993312226565767,0.00040679170012129865,1
9.145978409486133,1.000835754905694,0.0004064888089949746,1
9.16681197619414,0.9996261384795905,0.00040679058838052006,1
9.18764554232007,1.0001741626183753,0.0004067114800894113,1
9.208479107863695,0.9995192590078475,0.0004068615628133649,1
9.229312672942115,0.9997127102683332,0.00040681361978472296,1
9.250146237438685,1.0002434133208313,0.0004067386886223143,1
9.270979801352496,0.9996895644918226,0.00040694506885927996,1
9.291813364799964,1.000348893881751,0.00040678244200546826,1
9.312646927666037,1.0001083671174906,0.00040678214815509747,1
9.333480489950489,1.0001158847811322,0.0004068394577773007,1
9.354314051652636,0.9997578936819924,0.00040694717580932755,1
9.37514761277248,0.9989461427655928,0.0004072054719110284,1
9.395981173427117,0.999110421517137,0.0004071869045524049,1
9.41681473338258,0.9998473204600333,0.0004070316642622472,1
9.437648292873064,0.9999456908883418,0.00040700907706839047,1
9.458481851781016,0.9998564707942075,0.0004070653970408703,1
9.47931541010712,1.0000226277072197,0.0004071021662500102,1
9.500148967851146,1.000002654988644,0.0004071567698027839,1
9.520982525013096,0.999497342065946,0.0004072634287117157,1
9.541816081592515,0.9998385473198537,0.000407213474792114,1
9.562649637589402,0.9998549739808583,0.0004072424533845756,1
9.583483193121992,0.9998684114603645,0.000407342289964417,1
9.60431674795609,1.000245036513928,0.0004072500710692297,1
9.625150302207658,0.9995482196838676,0.000407614551920015,1
9.645983855877148,0.9999819247488039,0.000407399831061047,1
9.666817408964107,0.999992888816836,0.0004074299418007319,1
9.687650961469672,1.000009893823068,0.000407399906406345,1
9.70848451339316,0.9985121493185636,0.0004078459440716437,1
9.729318064733434,1.0000461866029782,0.0004074907932891872,1
9.750151615491632,0.9999279237396033,0.0004076046978559914,1
9.770985165669117,1.0000175272794927,0.0004075720265070478,1
9.791818715148565,0.9998441402151872,0.00040769145424610596,1
9.812652264160988,0.9999127405644157,0.0004077036897050217,1
9.833485812475601,0.9998514156306543,0.0004078554238762679,1
9.854319360208137,0.9991719713532018,0.00040803818402250795,1
9.875152907357915,1.0001152998809695,0.00040776166567598084,1
9.895986453809655,0.9993255155070238,0.000407924028482173,1
9.91681999967841,1.0001286262942501,0.000407996426498228,1
9.937653544965997,0.9993477088199552,0.0004080492337934122,1
9.958487089671962,0.9979077389675598,0.00040843167492004797,1
9.97932063367898,1.0002551002436795,0.00040795051316056593,1
10.000154177103923,1.00029462439152,0.0004080885704122584,1
10.020987719947243,0.9998184390290966,0.0004081044464841011,1
10.041821262091162,1.000317684974778,0.0004080536535586017,1
10.062654803653004,1.0002748895228157,0.00040809765426540846,1
10.083488344517036,0.9995910869590199,0.0004083123754328888,1
10.104321884798537,0.9993530468332094,0.00040843620684971816,1
10.125155424382228,0.9991713027657613,0.0004085317805980509,1
10.145988963382933,1.0004590432366225,0.00040820810436788865,1
10.166822501802017,0.9987647708053308,0.00040863624476409504,1
10.187656039406193,0.9996694721048857,0.00040846047970788504,1
10.20848957654448,0.9996515764389672,0.00040858834167074555,1
10.229323112868087,0.9988152871059709,0.0004087007227248573,1
10.250156648609618,0.9992802548714351,0.000408713131347128,1
10.270990183769527,0.9987609847563292,0.00040876532133194885,1
10.291823718231171,0.9996215794776656,0.00040872143018199356,1
10.312657251993642,0.9985211133587428,0.0004089331266458801,1
10.33349078505671,0.9993530758539041,0.0004088526319874256,1
10.354324317538158,0.9992290285067915,0.0004090177469865203,1
10.375157849321113,0.9997198071047603,0.00040881984737652885,1
10.39599138040603,0.9992985079139344,0.0004091199120692771,1
10.416824910792684,0.999027363779172,0.00040898324664970844,1
10.437658440481073,0.9998018227191642,0.00040890395032477207,1
10.458491969587612,0.9989717935006739,0.0004091453035267529,1
10.479325497994978,1.0011748833066305,0.00040861874888354255,1
10.500159025586981,0.9988074220010371,0.00040919228512161556,1
10.52099255259759,0.9995248397164274,0.0004090551809222459,1
10.54182607890948,0.9994178948008853,0.00040920842569547436,1
10.562659604406235,1.000022848147401,0.00040895729113256315,1
10.583493129321141,1.000490566399972,0.00040901227868509176,1
10.604326653537555,0.9998725561718947,0.00040902780798672235,1
10.625160176939062,1.0005162242638401,0.0004090194177088059,1
10.645993699758037,1.000023654263288,0.0004090167818928426,1
10.66682722176256,0.9999081494581085,0.0004090122095792535,1
10.687660743069046,0.9996684949433872,0.00040910217501143183,1
10.70849426367613,0.9998618885961322,0.0004091606368807638,1
10.729327783468534,1.0006224329803357,0.00040888587846051895,1
10.75016130267909,0.9993824724756042,0.0004091983536605299,1
10.770994821075647,0.9997814774078712,0.00040913949098551574,1
10.79182833865707,1.0004769830498665,0.00040909088181864304,1
10.81266185553909,1.000084031805309,0.0004090564552458436,1
10.833495371723075,1.0003763808662287,0.00040904021107790667,1
10.854328887208112,0.9999045906309872,0.0004091398592871678,1
10.875162401762054,1.000045049609534,0.0004091181142520248,1
10.895995915733693,0.9998714073635411,0.0004091233206487573,1
10.916829428774236,0.9997949980066938,0.0004092634979642107,1
10.93766294123202,0.9999638912578412,0.0004093377090871898,1
10.958496452759618,0.9998161687912733,0.00040918956732162963,1
10.979329963588043,1.0001089377992345,0.00040912593789603496,1
11.000163473602242,1.000275466912013,0.00040913737994625454,1
11.02099698291704,0.9993226007662062,0.00040936451848658294,1
11.04183049130097,1.0002550837922144,0.0004091260470819742,1
11.062663998985954,0.9997625285742975,0.0004092162947337368,1
11.083497505856485,1.0001155050871067,0.0004091312015333524,1
11.104331012028979,1.0008831126700122,0.00040896485554490147,1
11.12516451727106,0.9996576026880705,0.00040926223950547727,1
11.14599802169596,1.000193214017924,0.00040916050676809607,1
11.166831525307089,1.000403343790715,0.0004091092126381977,1
11.187665028219499,1.0006075260336897,0.0004090336653368568,1
11.208498530201041,1.0006972921229988,0.0004091280106780338,1
11.229332031366539,0.9993053927358119,0.0004093174718816539,1
11.25016553171804,1.0002137992989244,0.0004091436280464402,1
11.270999031255087,1.000813376520327,0.00040899342487877286,1
11.29183252986104,1.0000438712177846,0.00040921406373170256,1
11.312666027767136,1.0010123804533213,0.00040896455840691505,1
11.333499524742138,1.0002472696621434,0.0004091796922590485,1
11.354333020786044,0.9992869578582871,0.0004092943737661237,1
11.37516651613123,1.0010561323605303,0.000408943256197693,1
11.39600001054555,1.0006314756795067,0.0004090456797507458,1
11.41683350402809,1.0010201470349311,0.00040900755338273587,1
11.437666996696635,1.0007161646226856,0.0004090362041891225,1
11.458500488550044,1.0006961348066499,0.0004090114929210234,1
11.479333979471448,1.0008686276027492,0.00040923160624127715,1
11.500167469577036,1.0001684519482987,0.0004090648377606164,1
11.52100095875221,1.0010824119845583,0.0004089555853974613,1
14.521028548652566,0.997525575846918,0.00040435741222515634,1
14.541862139001068,0.999375992618814,0.0004041172032847979,1
14.562695729118104,1.0002515517579402,0.00040386104564450856,1
14.583529318885667,0.9991249998025342,0.00040410725941113305,1
14.604362908420171,0.9998365704963927,0.00040393685833042055,1
14.625196497720935,1.0002592892042996,0.0004038859607709334,1
14.64603008667359,0.9998860691730385,0.00040403034918835737,1
14.666863675277,0.9993388997013152,0.0004041471401721566,1
14.687697263530026,0.9997896375217336,0.0004041273228030876,1
14.708530851550222,1.0002072280043277,0.00040397942582642214,1
14.729364439222536,0.9988602441442849,0.00040425441275980084,1
14.750198026662474,1.0000333516381479,0.00040402776934945876,1
14.771031613634932,1.0000957783922502,0.00040405166548919863,1
14.791865200375014,1.0005271862352028,0.0004039703551219448,1
14.812698786766077,1.000445059469086,0.00040396535959449497,1
14.833532372691934,0.9999874950056701,0.0004041363549843027,1
14.854365958385188,0.9997771953834956,0.0004041951053491641,1
14.875199543728058,1.0000382583105663,0.00040432066295070004,1
14.896033128606177,1.0003803634464783,0.00040405294827779235,1
14.91686671325101,1.0001593635165398,0.00040417282322586373,1
14.937700297430638,1.0004686948834707,0.0004040800375434444,1
14.958533881376752,0.9998127358020612,0.0004042922837372629,1
14.979367464857205,1.0002865593476076,0.0004041366478049415,1
15.000201047989094,1.000387958913656,0.00040419474350877595,1
15.02103463065555,1.0006877836432242,0.00040422134762880244,1
15.041868213088037,1.0005693164806173,0.0004041629411973941,1
15.06270179505509,1.0006609025852327,0.00040417028784475625,1
15.083535376673126,0.9991867294898317,0.0004045033741116765,1
15.104368957825955,1.0005033242254733,0.00040422215770954164,1
15.125202538629082,1.0003295685213371,0.0004042942582023776,1
15.146036119082964,0.9995799071307331,0.0004045023191470687,1
15.166869699188055,1.0010200654754633,0.000404223423914431,1
15.18770327882703,0.9997440083367546,0.00040445785366571634,1
15.208536858000116,1.0010258544082724,0.0004041420190709437,1
15.229370436823046,1.0005901000453428,0.0004042856987396717,1
15.250204015299005,1.0005722878799785,0.0004043139883056653,1
15.271037593309075,1.0007111990449213,0.0004042968159297959,1
15.291871170968534,1.000537531932318,0.0004043823492273264,1
15.312704748278975,1.0009807345167185,0.00040429558062260516,1
15.333538325008021,0.9999621532766153,0.0004044955860698591,1
15.354371901504692,1.0003307908541559,0.000404480990527652,1
15.375205477534564,1.0001740174184097,0.00040449513152661533,1
15.396039053099003,0.9997471201928578,0.0004047003375285882,1
15.416872628314195,1.0002389484952794,0.00040454289604013215,1
15.437706203063954,0.9997793285469263,0.0004046904438913819,1
15.458539777463557,1.0005678592486598,0.00040462932881394514,1
15.479373351398635,0.999647799474429,0.0004047537221899983,1
15.500206924868053,1.0002949628946505,0.0004045896614094596,1
15.521040497987997,0.9997040308616448,0.00040480971863744616,1
15.541874070641597,1.000913361380451,0.0004046423080065007,1
15.562707642945952,1.0004922102194984,0.00040459628277666364,1
15.583541214786237,1.0005568197857788,0.0004046815351738401,1
15.604374786277049,1.0004149487541114,0.0004047065542898854,1
15.625208357183965,1.0008373141870732,0.00040455050353490745,1
15.646041927859187,0.9995572723416868,0.0004049561880556969,1
15.666875497952105,1.0002128351987016,0.0004047847135418013,1
15.687709067696687,0.9997163353178822,0.00040496852815639407,1
15.708542636974471,0.9997048611636278,0.0004051321133122986,1
15.729376205903009,0.999929475861251,0.0004049538571197306,1
15.750209774366112,1.0006637613679445,0.00040478992043452934,1
15.77104334236401,1.0000883085145036,0.0004050259544616357,1
15.791876910011979,1.0005505751259554,0.0004048150097302187,1
15.812710477195196,0.9997972275434062,0.00040513044611759324,1
15.83354404391207,1.0000067529825356,0.00040498248329842685,1
15.854377610280153,1.0002858857996806,0.0004049735481368444,1
15.875211176181438,1.000457834713867,0.0004049762826670703,1
15.896044741617516,1.0010913960439418,0.0004048283609623175,1
15.91687830658907,1.0004656520835882,0.0004050748192854161,1
15.93771187121115,1.000194963294819,0.00040502086841337823,1
15.958545435366432,1.000347137154988,0.00040500240195224163,1
15.979378999172013,0.9996979187662863,0.00040521521349784224,1
16.000212562514207,1.0004543086345878,0.0004050124213643549,1
16.021046125390058,1.0006673446897985,0.0004049644246306679,1
16.041879687798883,1.0003576948984196,0.00040506817010765763,1
16.062713249859144,1.000939734230819,0.0004049486768889466,1
16.0835468113371,1.0001546996039978,0.0004052380186991706,1
16.10438037258359,1.0007994149452333,0.000405027398545453,1
16.125213933248006,0.9996793092235592,0.00040532338748355747,1
16.146047493561127,1.0005645243097068,0.0004050867726480808,1
16.166881053409043,1.0003083399976709,0.00040531090108601156,1
16.18771461279266,1.000315911927209,0.0004052201906090584,1
16.208548171827033,0.9999379721324174,0.0004054086938503215,1
16.229381730277964,1.0004277517577527,0.00040528761427183234,1
16.250215288379422,0.99938485502644,0.0004055353639841666,1
16.271048846133,0.9995717197271988,0.00040549474885074135,1
16.2918824033045,0.9993506687451763,0.0004055392025780672,1
16.31271596012607,0.9991535879677041,0.00040567773103297966,1
16.33354951648198,0.9997908345518743,0.0004054289207859072,1
16.354383072488417,0.9975259061557122,0.00040598092002355806,1
16.375216628030557,0.9990807478309786,0.0004055741248273597,1
16.396050183106126,0.9984422709152027,0.00040580989656803024,1
16.416883737715125,0.9981260521022571,0.0004059977157355807,1
16.4377172918596,0.9988003811909545,0.000405741772420449,1
16.45855084565551,0.9995417206755127,0.0004056469210747603,1
16.479384398984166,0.9985705165093733,0.00040588839456979906,1
16.500217951846935,0.9985719375984871,0.00040588332963635993,1
16.52105150436205,0.9977454853163651,0.0004060621471864273,1
16.541885056294177,0.9989966495343954,0.00040582511618401625,1
16.56271860787706,0.9992330659682607,0.0004057689832976031,1
16.58355215911115,0.9985716881752312,0.00040597115920139066,1
16.625219260065023,0.9987282126804707,0.000405983815941862,1
16.64605280990213,1.0000928117705596,0.00040565526303350605,1
16.666886359273576,0.9999240400296249,0.00040580375143111665,1
16.687719908295094,0.999833890936336,0.0004057772252104032,1
16.70855345673499,0.9999625428849398,0.0004059037151143,1
16.729387004826094,1.0006203305413162,0.00040564545210126685,1
16.750220552567043,1.0001821942069726,0.0004057562767480059,1
16.771054099726598,0.999346252605373,0.00040589875268605093,1
16.791887646536452,1.0007122865356826,0.00040566244841377307,1
16.8127211928811,1.0001251100458672,0.00040576031215885347,1
16.833554738760085,1.000181184497329,0.0004057629373891722,1
16.854388284289143,1.0003726977559537,0.00040574052079919807,1
16.875221829352995,0.9996135844081979,0.00040599334671464875,1
16.896055373951185,1.0001140309399352,0.0004058981669758854,1
16.916888918083714,0.9990854162038245,0.0004061443375830231,1
16.937722461866997,0.9997243348882211,0.0004059961760674227,1
16.958556005068203,0.9991942093103544,0.0004061682720037234,1
16.979389547920164,1.0003331885956182,0.00040585651019324953,1
17.000223090423106,1.0000265400547237,0.000405984224949607,1
17.02105663234306,1.0001378827127836,0.0004059546352245461,1
17.04189017391559,1.000600963905256,0.000405848123976698,1
17.062723715021093,1.000074064058617,0.0004060181265594866,1
17.083557255660708,1.0004021094177613,0.0004059963309762682,1
17.104390795951076,0.9992971159792348,0.0004062352190056763,1
17.125224335777148,1.0000093510268053,0.00040618283503622457,1
17.14605787513665,0.9994037019000905,0.0004062998517265445,1
17.166891414030033,1.0000956466204842,0.00040611853981936116,1
17.18772495245821,0.9999608680734634,0.0004062146425337432,1
17.208558490537598,1.0001083910852995,0.0004061641808296272,1
17.229392028150414,1.000373639643811,0.00040608574546620026,1
17.250225565298024,1.0002518888523193,0.000406220116056972,1
17.271059102095933,1.0003485046999852,0.00040617299622356577,1
17.291892638429545,1.0000335272343228,0.00040642354217260607,1
17.31272617429704,0.9997090320498891,0.0004062814940642186,1
17.33355970969751,1.0001558664846553,0.0004065319012344071,1
17.354393244633684,1.0010992996128012,0.0004061312039422856,1
17.37522677922061,0.9995548106594657,0.00040643576717255174,1
17.396060313340968,1.0000260146082476,0.00040631914857276074,1
17.416893846996118,0.9997203842761159,0.0004064287277542289,1
17.437727380301567,1.0000790760242146,0.00040632171404747085,1
17.45856091314272,1.0003144968817983,0.00040634594825906937,1
17.479394445517073,1.0006523001974832,0.00040636738013657584,1
17.50022797742622,1.0003184436539558,0.0004063651485054028,1
17.521061508869025,1.0004917858614961,0.0004062897662390814,1
17.541895039963038,1.0004259236836148,0.0004063616751880091,1
17.56272857059139,1.0004777162686551,0.0004063993428355405,1
17.58356210075408,1.0000075102168422,0.00040652220389439587,1
17.60439563056798,0.9994638466423116,0.00040660283310757565,1
17.62522915991508,1.0001193810879974,0.000406561965714676,1
17.646062688798565,1.0001687363912093,0.00040654430224082195,1
17.66689621721457,1.000305798159994,0.00040645296056481976,1
17.687729745165143,0.9994830422187918,0.00040668722311742084,1
17.708563272766014,0.9999255132760977,0.0004065759501743967,1
17.729396799903043,0.9991757262991747,0.00040678633603399996,1
17.750230326573273,0.9987952100770656,0.0004070633896904499,1
17.77106385289312,0.9997014494135419,0.0004066769517628992,1
17.791897378632484,0.9998070167127527,0.0004067443326939408,1
17.812730904023056,0.9999938652786093,0.00040671254544582625,1
17.8335644289466,0.9998205726183346,0.00040671194914297036,1
17.854397953521584,0.9996258254943282,0.0004068159577192652,1
17.875231477631132,0.9995479262494111,0.0004068705513524879,1
17.89606500127411,1.0001598813450103,0.0004066788342933869,1
17.916898524451426,1.0002307398790158,0.00040681351710463104,1
17.937732047163536,0.999886272773227,0.00040682213720817477,1
17.95856556952708,0.9998952345239295,0.00040686075737259296,1
17.979399091424057,1.00019518396988,0.00040687154525957377,1
18.000232612856053,0.9999756707283864,0.00040690406028754734,1
18.021066133821478,1.001226738393315,0.0004065619831904218,1
18.04189965443811,1.0000864585901186,0.0004068751578934886,1
18.06273317458954,1.0001400097976807,0.00040686202052121875,1
18.083566694275078,1.0001651474986777,0.0004069213144317547,1
18.104400213494046,0.9994984137483811,0.0004070446925436774,1
18.125233732365587,0.9995935086418914,0.0004070386415549537,1
18.14606725065414,0.9994449614956016,0.00040710458378606965,1
18.166900768592768,0.9994829554909651,0.00040711287547512415,1
18.187734286182604,1.0001401610103169,0.0004069324536074628,1
18.208567803191045,1.0000232585500666,0.0004070153176942825,1
18.229401319849103,1.0006607921546309,0.0004068646895087826,1
18.250234836041727,1.000373831063874,0.0004070052949969559,1
18.271068351768463,0.999599782879805,0.00040718682124686514,1
18.29190186714709,1.0000504629999738,0.00040702659265142734,1
18.312735381943185,1.0001950924586593,0.00040704286538836853,1
18.333568896390034,1.000580793162121,0.00040698418164373715,1
18.354402410487182,1.0005019659644996,0.0004070044603177842,1
18.375235924002027,1.0009571347124575,0.00040707301611742357,1
18.39606943716899,1.0006904161417056,0.00040699714800022734,1
18.416902949752966,1.0002888562194963,0.0004070806473253753,1
18.437736462103203,1.0000864795840612,0.0004071790013999196,1
18.458569973873182,1.0005755270899914,0.00040707551202541584,1
18.479403485177045,1.0001766571861852,0.0004072990251403426,1
18.500236996131207,1.0005557137490433,0.00040721731808783307,1
18.521070506620163,0.9998706617864497,0.00040736016785274993,1
18.541904016643002,1.000583249433548,0.0004071906142606224,1
18.56273752631614,1.0003280019581988,0.0004072809109177467,1
18.583571035408568,1.0010987722778009,0.00040719388598213616,1
18.60440454415061,1.0003759310070306,0.0004071873669056888,1
18.625238052426994,1.0009564469121772,0.0004071558435045944,1
18.646071560354585,1.000133256192698,0.0004073384674287348,1
18.6669050677001,1.000666384505777,0.0004072359740971134,1
18.68773857469614,1.0007910264513429,0.0004072198494486663,1
18.70857208122652,0.9994461809856153,0.00040754374874127076,1
18.729405587291694,1.0005502072127226,0.00040737123755944267,1
18.750239093007167,1.0005288485623338,0.0004073450356861159,1
18.77107259814011,0.9996640872682616,0.00040753408807393826,1
18.791906102924713,0.9998184264566758,0.0004075439968325236,1
18.812739607243202,1.0003824632554705,0.00040746219732665337,1
18.833573111096484,1.0001740684661309,0.0004074610674029455,1
18.854406614600066,1.000101254493361,0.00040755638114073437,1
18.87524011752157,0.9992917345676596,0.0004078226141736089,1
18.896073620094057,0.9980627528275225,0.0004080252463065221,1
18.91690712220111,0.9995465030286259,0.0004077946970768458,1
18.937740623958007,0.9993926011410107,0.00040774150547996,1
18.958574125133964,1.0000980196855593,0.00040763961544577004,1
18.979407625959993,0.9991714209731443,0.00040788680454255995,1
19.00024112632059,0.9995216832239722,0.0004077157114752185,1
19.021074626215523,0.9993445415648161,0.0004077849292073167,1
19.041908125644113,0.9997614685274303,0.00040772426007409186,1
19.062741624724595,0.9996662301754166,0.00040778288735444636,1
19.083575123223,0.9996795124217249,0.00040778613069603504,1
19.104408621370112,0.9993883340572556,0.00040787180079623957,1
19.125242119052928,0.999270476290826,0.0004080811804649185,1
19.14607561627099,0.999698626290401,0.0004079555519942646,1
19.16690911313958,0.9993973486740483,0.0004078961586758553,1
19.18774260942564,0.9995748441662382,0.0004079082487297522,1
19.20857610536109,0.9994444741183504,0.0004080241780085776,1
19.229409600832696,0.999198950493188,0.00040804450100934364,1
19.250243095839096,0.9989879129796709,0.00040816999578036865,1
19.27107659037756,0.9994742891262168,0.0004079626243028534,1
19.291910084567917,0.9995856829156434,0.0004079956354765738,1
19.312743578293066,0.9994068259279307,0.00040805047096127207,1
19.33357707143614,0.9990586685623488,0.0004081258563141977,1
19.354410564229056,0.999083369291589,0.0004082293825456121,1
19.375244056673182,0.9996352825529102,0.0004080347106920007,1
19.39607754853614,0.999351977387283,0.0004081000723202919,1
19.416911039932984,0.9990634309999471,0.0004081768681103007,1
19.43774453097967,0.9992279970352295,0.000408217817663681,1
19.458578021561152,0.9990719318630668,0.00040824164771009476,1
19.479411511677426,0.9996681711340937,0.00040814092112744253,1
19.50024500132804,0.9988312833636911,0.0004083000135384157,1
19.52107849051208,0.9994417860953709,0.0004082491588778724,1
19.541911979347105,0.9991103620189674,0.0004083187941544003,1
19.562745467601644,0.9994366102974993,0.000408188851423827,1
19.583578955506027,0.9996969134628714,0.00040829315156657093,1
19.625245929915536,1.000552199726067,0.0004080708330617344,1
19.646079416423618,1.000196337560013,0.0004081776215694232,1
19.66691290246513,1.000955635867454,0.0004079609281235202,1
19.68774638815694,1.0017773929417695,0.00040777584718876107,1
19.708579873267126,1.000261801643889,0.00040818937048022754,1
19.729413379914604,1.0006412943144924,0.00040816283015845863,1
19.750246864210112,1.0011433969861299,0.000408142000903223,1
19.77108034803905,1.0012944086718392,0.00040800527098581974,1
19.791913831403008,1.00054026957272,0.0004082625680884756,1
19.812747314301077,1.0003189292288466,0.00040825175172854106,1
19.833580796850583,1.000606035710058,0.0004082459603354901,1
19.854414278818012,1.001400341351753,0.00040808971973502856,1
19.875247760318416,1.0004139911288683,0.00040837389279749887,1
19.896081241470483,1.0008969242818009,0.0004082011882062702,1
19.916914722157117,1.0002396929549577,0.00040838368199841614,1
19.937748202261673,1.0007584179952649,0.0004083107872465939,1
19.958581682016757,1.0009098935990062,0.00040823042804824354,1
19.97941516130504,1.0008133439889448,0.0004082885883552156,1
20.000248640129485,0.9996148482414702,0.00040859131912785075,1
20.021082118604227,1.0006195617798164,0.00040837638290027324,1
20.041915596496438,1.0002271332486536,0.0004083769738551021,1
20.062749073922987,1.0010000612646168,0.0004082751928631155,1
20.083582551000063,1.000733826101642,0.0004083610898110618,1
20.104416027495972,1.000420247644584,0.0004085178431767503,1
20.125249503641953,1.0001892131526706,0.00040851045665254553,1
20.146082979206085,1.0010767259781925,0.0004083649775134946,1
20.16691645442097,1.0011070695548616,0.00040830427759047937,1
20.187749929169968,0.999813462037129,0.0004086165898575584,1
20.208583403454213,1.0003364946038993,0.00040859014017017187,1
20.229416877270978,1.0004408224740533,0.0004084968390446548,1
20.25025035062413,1.0004148616224882,0.0004085471907846267,1
20.271083823511162,0.9997617625207265,0.0004087373633392156,1
20.291917295930944,1.0011040411339647,0.0004083624840940489,1
20.312750767885518,1.0000460625575582,0.0004087531682513279,1
20.333584239376023,1.0004524718764498,0.00040864335370638345,1
20.35441771040064,1.0009484997066243,0.0004085029153235985,1
20.375251181074418,0.9995727762664496,0.000408825575520742,1
20.396084651167484,1.0000394227168437,0.0004088400325205578,1
20.416918120794435,0.9999947619882101,0.00040875089661792995,1
20.43775158995595,1.0012914963726491,0.0004084743591484867,1
20.458585058767085,0.9998721491135976,0.00040880106750043615,1
20.47941852699705,1.0006571411818281,0.0004086821099300967,1
20.500251994761584,1.0009126796971186,0.0004086132964128513,1
20.521085462177098,0.9997835719232063,0.00040889576804001624,1
20.54191892900917,1.0008364511832955,0.0004089385821838587,1
20.56275239549268,0.9999877083175714,0.000408994833920395,1
20.583585861395022,1.0003425840500875,0.00040886458281715786,1
20.604419326831703,0.9997026291272109,0.00040900117514887135,1
20.62525279191823,0.9994298714258253,0.0004090235351184609,1
20.646086256422677,1.0000807027522447,0.0004089035184058606,1
20.666919720462147,1.0000351131647298,0.0004088867590924183,1
20.687753184151006,1.0001813360116136,0.0004089626611111937,1
20.708586647259153,1.0001451152576932,0.00040893139263152323,1
20.729420109901184,0.9993146127611695,0.0004090867965392845,1
20.750253572077554,0.9998272064166628,0.000409054346361046,1
20.771087033788717,0.9999046363193846,0.000409026506427334,1
20.791920495033082,0.999433379285301,0.0004090833502637928,1
20.812753955812013,1.0005330535642125,0.0004089331075416003,1
20.833587416126193,0.9988150863663944,0.0004093320751765367,1
20.854420875974483,1.0002217245829652,0.0004089812575183806,1
20.875254335356658,1.000906532319395,0.00040895791745008557,1
20.89608779427317,0.9995058320408069,0.00040918283758655986,1
20.916921252724478,1.0003000145381353,0.00040901495546006406,1
20.937754710594163,0.999892273765735,0.0004091363462658387,1
20.958588168114147,1.0005156593406623,0.0004090197791635374,1
20.979421625052055,1.0001544541812646,0.00040913174355072015,1
21.00025508152339,1.000671351184168,0.000409065460792011,1
21.021088537645937,1.0005965559170602,0.00040904640256123585,1
21.04192199318709,1.0000091215554556,0.0004092031093955905,1
21.062755448262124,1.0003958699624496,0.00040911485944166554,1
21.083588902871043,1.0000077990427048,0.0004092107930557478,1
21.104422356899022,1.0015624585576073,0.00040887678368183765,1
21.125255810577528,1.0006856068148224,0.000409076369292787,1
21.14608926378969,1.0007479631585317,0.0004091329273175501,1
21.16692271641955,1.0005889786343691,0.0004091164676399904,1
21.187756168584656,1.0002840702633582,0.00040921717145186656,1
21.208589620282964,1.0003406777292345,0.00040918980668169585,1
21.229423071516067,1.0002728856051242,0.00040926821958816136,1
21.250256522283962,1.0007086040065645,0.0004091309182213587,1
21.271089972469554,1.000017861528069,0.00040937447324717626,1
21.29192342230658,1.0005882225159293,0.0004092553835264207,1
21.312756871560396,1.000834710765635,0.0004092082518253055,1
21.333590320349003,1.0007486347894048,0.0004092347048360006,1
21.354423768672632,1.000542428599322,0.00040925450112596045,1
21.375257216413956,1.0000679958719276,0.0004094133854290155,1
21.396090663805126,0.9998270058769428,0.0004095217330043687,1
21.416924110614218,1.0003781623223595,0.0004093774287320723,1
21.437757556958104,1.0006050604285388,0.0004093128907951269,1
21.458591002836556,1.0009105998755639,0.000409260304920417,1
21.479424448132704,1.0006955361326637,0.0004093459735847438,1
21.500257893079606,1.0000763824778875,0.0004095141277842322,1
21.52109133744443,1.0001328022070812,0.00040950484529823103,1
21.541924781227635,0.9999896115833908,0.0004095597562038601,1
21.56275822466114,1.0003634612027132,0.0004096055096534768,1
21.58359166751211,1.0003851641998018,0.0004095051388893067,1
21.604425109898102,1.0004845041828023,0.0004095565316039519,1
21.62525855181866,1.0002468125322503,0.00040958476935171905,1
21.64609199315646,1.0004671563556191,0.0004096272796441837,1
21.666925434145014,1.0001543226285339,0.00040963646884796333,1
21.687758874435985,1.0003818217906744,0.0004095790455763193,1
21.708592314377483,1.0005998575371402,0.0004095495205435189,1
21.729425753735995,0.9997985581490344,0.0004097266537124517,1
21.750259192629528,1.0001905233559543,0.0004097779499647435,1
21.771092630940984,0.9995891118484626,0.0004098309787376534,1
21.791926068902058,0.999733209917295,0.00040987148940709316,1
21.812759506166003,0.9989208278512062,0.0004100124515351665,1
21.83359294308002,0.9997802865894503,0.0004099260112388017,1
21.854426379412644,0.99978489211686,0.0004098245643036259,1
21.87525981527915,1.0007152294486115,0.0004098315692403765,1
21.89609325056358,0.9996510288386581,0.0004102210009689498,1
21.916926685382123,1.0003956970466819,0.00040976508076268406,1
21.937760119735685,0.9987820785876995,0.00041031078083263476,1
21.958593553506944,1.0002549037755408,0.00040979190704603025,1
21.979426986812086,1.0003261425962229,0.00040979744391565146,1
22.000260419535152,0.9994472543239808,0.0004100077958333608,1
22.021093851793466,0.999537084346151,0.00040999221126434323,1
22.041927283469022,0.9997915105729642,0.00040994370505910893,1
22.062760714679143,0.9996422371724317,0.00041003673351277696,1
22.08359414542315,0.9992680222100374,0.00041014419127024404,1
22.104427575585532,0.9994229804663628,0.0004101511047228434,1
22.125261005282027,0.9987904205589675,0.0004102414789464595,1
22.146094434397583,0.9993556358368182,0.00041021607950264175,1
22.166927862929697,1.0006101756088377,0.00040986811107262926,1
22.187761291112565,0.9992304024580446,0.0004101945000405446,1
22.20859471859694,0.9998991579837129,0.0004101042181532551,1
22.229428145616566,0.9988933723929844,0.00041030900226890276,1
22.25026157216962,0.9984548871099367,0.00041043772041653696,1
22.271094998140597,0.9996256512794668,0.00041015414747723727,1
22.291928423529953,0.9991655368168529,0.00041040805630372803,1
22.3127618484541,0.9988748461327921,0.00041033773639905093,1
22.333595272795264,0.9995110916197599,0.00041021844692351307,1
22.35442869667054,0.9994973392206238,0.00041028934787909775,1
22.3752621199651,0.9997462328863442,0.00041023183976267546,1
22.396095542793546,0.9993274634822978,0.00041032911745181636,1
22.41692896492259,0.9998132608174394,0.00041028518237381026,1
22.437762386702616,0.9992497970815735,0.0004104253944205315,1
22.45859580778506,0.9989109029678692,0.00041051082196178504,1
22.479429228401614,0.9991683437824173,0.0004103850050786633,1
22.500262648435182,0.9991134659835998,0.0004104096759406862,1
22.521096068003544,0.9989475198634704,0.0004104684039110328,1
22.541929486990057,0.9984274738345523,0.000410602934445294,1
22.562762905394493,0.9992589988416951,0.000410442855959783,1
22.583596323332586,0.9985586461607234,0.0004106241459770933,1
22.625263157347035,0.9996857235186197,0.00041048960470930964,1
22.646096573656678,1.0000359405852262,0.0004103024422847243,1
22.666929989266464,0.999405720529852,0.0004105055558235038,1
22.687763404411044,0.9994952599287367,0.0004105413225455035,1
22.708596818974,0.9989819456799136,0.0004105915857577963,1
22.729430232954655,0.9998873378473188,0.0004104617998581927,1
22.750263646353233,0.9999483751714534,0.00041043227675928494,1
22.771097059285694,0.9999601226502489,0.0004104892914777079,1
22.791930471520118,0.9998737866567946,0.0004104931313282057,1
22.812763883288653,0.9997957767511644,0.00041056585796369347,1
22.833597294475112,1.0005349223534965,0.0004103542387428206,1
22.854430705079494,0.9993609022935529,0.00041071657757085897,1
22.875264115102027,0.9999771943633263,0.0004105794667550302,1
22.896097524542483,0.9989989557039837,0.00041077219629350484,1
22.91693093351705,1.0003377257499777,0.0004105015285701301,1
22.937764341792672,0.9996755882532268,0.00041065425097756386,1
22.958597749487126,0.9992167898462592,0.00041073962538524074,1
22.979431156716146,0.999461724778867,0.000410693041403055,1
23.00026456324622,1.0006193411897075,0.00041061290827026003,1
23.021097969194216,1.000166660257386,0.0004106281806065679,1
23.04193137467655,1.000176229251292,0.0004106940248411514,1
23.062764779460394,0.9998246561839675,0.00041077712896158726,1
23.083598183661707,1.000674526126806,0.00041064852204168137,1
23.10443158739713,1.0004923591010968,0.0004106120002833697,1
23.12526499043497,1.0000729440558604,0.0004107296229032822,1
23.146098392890963,0.9996605345132935,0.0004108872361840362,1
23.16693179476397,1.0001250501522814,0.0004107434582822081,1
23.187765195938027,1.0004563577391719,0.0004106946200900793,1
23.208598596647562,0.99985755258194,0.0004108372103584722,1
23.22943199665906,0.9994879263850349,0.00041091651313923666,1
23.250265396204213,1.0002979596774426,0.0004107357530791934,1
23.271098795049966,0.9994683535114027,0.0004109468754465859,1
23.29193219319859,0.9996106476851175,0.0004111020387084789,1
23.3127655908811,1.0000734819410333,0.0004109407864549142,1
23.33359898786466,1.0005989070721053,0.0004107310667794239,1
23.3544323842666,0.9996691739176681,0.00041096662553174513,1
23.375265780086465,0.9996999536384932,0.0004109700848230596,1
23.39609917520852,0.9999127768122008,0.000410974500161598,1
23.41693256974804,0.9999422976988187,0.0004109361807257932,1
23.437765963704578,0.9994864040674892,0.0004111043695222536,1
23.458599356963077,1.0000310595212938,0.0004110110660512664,1
23.4794327496395,0.9999959813016605,0.0004109974102488441,1
23.500266141618113,0.9997236004934111,0.000411037517615113,1
23.521099533013967,1.000205679193855,0.0004109569458794013,1
23.541932923827062,1.0003152388718164,0.00041097432478481795,1
23.562766313942575,0.9996449612182722,0.0004111699900029339,1
23.583599703360505,0.9996537490720209,0.0004112510208343981,1
23.604433092194995,0.9994315794661479,0.0004112592395495211,1
23.625266480447635,0.999616291442362,0.0004112334210778432,1
23.64609986788605,0.9997563957860647,0.00041121562526486965,1
23.666933254858577,0.9993675662264161,0.00041136114791186955,1
23.68776664101506,0.9997861072172136,0.0004111784327376892,1
23.70860002658992,0.9997056281460708,0.0004112835832856975,1
23.7294334114672,1.0003996986022652,0.00041106526651465606,1
23.750266795761945,1.0002406775603807,0.00041117288406852836,1
23.771100179242012,0.9996694393323649,0.0004113145605965872,1
23.791933562139093,0.9998338240602301,0.0004114229133047316,1
23.812766944339046,0.9992983371509834,0.00041144463011997867,1
23.833600325956013,0.9995433505465685,0.0004114344146420146,1
23.854433706758073,0.9996359297718781,0.0004114283345480564,1
23.875267086978056,0.9997347663305668,0.000411419157297913,1
23.896100466499547,1.0001583011703417,0.0004113776048483538,1
23.916933845323,0.9995801767613799,0.0004116042128430573,1
23.937767223331093,0.9998766141106141,0.0004115563758642694,1
23.958600600757563,1.0005059644929026,0.0004113645601776324,1
23.979433977485087,0.9989704777895648,0.0004116799386096136,1
24.000267353514573,0.9994349576885365,0.00041156072545321453,1
24.021100728844885,0.9994014890815032,0.000411616712324648,1
24.04193410347716,1.0004781173934383,0.00041138979532260266,1
24.062767477294983,0.9993671446386084,0.0004116846595868856,1
24.08360085041363,0.9996630750620344,0.00041165869965657353,1
24.104434222951113,1.0000575936212026,0.00041153897864306484,1
24.125267594556135,0.9990099471292163,0.00041176626404471105,1
24.146100965579535,1.0000270418941124,0.00041162457148683076,1
24.16693433590399,0.998955947145534,0.00041204633570948056,1
24.18776770541399,0.9992189117276892,0.00041180005830935597,1
24.20860107410863,1.0001497561865587,0.00041163054954682424,1
24.229434442105685,1.0010207360471084,0.00041142157096593873,1
24.250267809404704,0.9995676849102901,0.0004117840849821396,1
24.271101176003413,0.9999560458950016,0.0004117084837453207,1
24.29193454178767,1.000171006352512,0.00041171760402265755,1
24.312767906758154,0.999968856717435,0.00041176697158639656,1
24.333601271029693,0.9995014510035427,0.0004118761582262269,1
24.354434634485642,0.9996357491876995,0.0004118340677877041,1
24.375267997126684,0.9994794097893143,0.00041192752195153074,1
24.3961013590706,1.0001765521824222,0.00041179621416389156,1
24.416934720198697,0.9998890962217202,0.00041183629813057384,1
24.437768080510978,1.0004239687026053,0.0004117728051246956,1
24.458601440009033,1.0000982362301694,0.0004118971630385801,1
24.479434798809052,1.0000943663618898,0.00041184422935622127,1
24.500268156793936,1.0007975497956,0.00041171895997163684,1
24.521101513847043,0.9991559814955343,0.0004121397246394454,1
24.541934870202567,1.0006523776789675,0.0004118347236748045,1
24.562768225743184,0.9997664163935447,0.0004121480362314688,1
24.58360158035157,1.0001393594013914,0.0004120965361728628,1
24.6044349342626,0.9991207481195598,0.0004121866416360098,1
24.625268287240942,1.0002219286241887,0.00041197106544644825,1
24.646101639405515,1.0005394088944544,0.0004119347753653333,1
24.66693499075518,1.0007334623118596,0.00041198770556554875,1
24.687768341289484,1.000170781852535,0.00041205733026642805,1
24.70860169089201,0.9996201876149209,0.000412224103236116,1
24.72943503967963,0.9999231379909775,0.00041221964025878985,1
24.750268387537062,1.0004114545285225,0.0004120797735954843,1
24.771101734579133,1.0000619550526864,0.0004121842259762362,1
24.7919350806892,1.000029662362697,0.0004122078927953509,1
24.81276842598413,0.999776142454837,0.00041237545576808867,1
24.83360177034865,0.9998171114117035,0.0004122989671733177,1
24.85443511378253,1.000346772166654,0.0004121683686931527,1
24.875268456400136,1.0004545678010044,0.00041221910768585575,1
24.896101798086647,1.0001187395578983,0.00041223503771552184,1
24.916935138842064,1.0002981287812729,0.0004122513488871548,1
24.937768478666612,0.999858198067802,0.00041239853895109856,1
24.95860181755961,1.000453403900876,0.00041230371608488473,1
24.97943515563702,1.000765623267554,0.0004122729459090388,1
25.000268492667146,0.9994433319665746,0.0004125374074180235,1
25.02110182876595,1.0015519949841247,0.00041213326084722383,1
25.041935163932976,1.000845166607415,0.0004122346863570487,1
25.06276849816959,1.0005202986941863,0.00041233349837058837,1
25.08360183135801,1.0008623662736003,0.0004122654794806606,1
25.104435163731523,1.000824786906536,0.00041239880659700156,1
25.12526849505707,1.0010021904950333,0.0004123075273485272,1
25.146101825334654,1.0010228473414422,0.0004123258686958002,1
25.166935154798466,1.001010929148694,0.0004123783051987477,1
25.187768483214086,1.0007783020770697,0.0004124293058729318,1
25.208601810581968,1.0010555669928844,0.00041251501742852457,1
25.22943513701739,1.0006642356039017,0.0004124823869672764,1
25.250268462406666,1.0013030754768844,0.00041237837554963027,1
25.27110178686462,1.0004093190738845,0.0004126725152649484,1
25.2919351102737,1.001177506555284,0.0004124258795504752,1
25.312768432634584,1.0009296923026771,0.00041259138968487136,1
25.333601754065057,1.0018417113705294,0.0004124016339585124,1
25.354435074448702,1.00148708231698,0.00041254229429153733,1
25.3752683937837,1.0016051041359821,0.0004125289011032787,1
25.396101712187146,1.0023737747097303,0.00041231073144263166,1
25.416935029543083,1.0015078726900144,0.0004125302568888229,1
25.437768345968607,1.0015285251844612,0.00041263409495315373,1
25.458601661228613,1.0018131775955261,0.0004125586737941471,1
25.479434975557524,1.002328786689927,0.0004124132426530318,1
25.500268288955112,1.0024671333550026,0.0004124681163163732,1
25.521101601305645,1.0020872318501548,0.00041262034752424494,1
25.541934912608212,1.0027694633452051,0.00041245934217235523,1
25.56276822309519,1.0022520703782367,0.0004126144468410535,1
25.58360153241847,1.0041839473023013,0.00041289120768649645,1
25.625268148503892,1.0022077733393968,0.0004193704779288586,1
25.646101455033204,1.0016807071920875,0.0004259513854436982,1
25.666934760748063,1.000252479372584,0.0004352076142325089,1
25.68776806564756,1.0000275450832319,0.00044619982314349275,1
25.70860136961619,0.9987187768667846,0.0004592150341228522,1
25.729434672769003,0.9964518425762411,0.0004738950189547657,1
25.75026797510759,0.9964930885804233,0.0004881262775374076,1
25.77110127674814,0.9964297580464294,0.0005027194058905908,1
25.79193457768997,0.9947334498897593,0.0005187173560893523,1
25.812767877931947,0.9943230069274638,0.0005357393334122949,1
25.833601177708715,0.9923074471374344,0.0005559959738748368,1
25.958600967176608,1.002427442125011,0.0006853512620896376,1
25.979434264858128,1.0024462165691295,0.000707137383295546,1
26.000267562656518,1.0013817157101323,0.0007306502135980794,1
26.021100860687056,0.9973178247398942,0.0007581195357945051,1
26.04193415918462,0.9936043664379247,0.0007875101071289424,1
